-1.422201208086976365e+00
-1.422347296055659127e+00
-1.422394286065099100e+00
-1.422431221575003013e+00
-1.424266374455046780e+00
-1.425427706828186647e+00
-1.425763367936388359e+00
-1.426595734169864294e+00
-1.426657468025555264e+00
-1.426680400117996239e+00
-1.452694687956220143e+00
-1.463036624594530322e+00
-1.463582621506444026e+00
-1.463671822894225372e+00
-1.463676195623688781e+00
-1.467114718557878783e+00
-1.464252155230921115e+00
-1.462325349410668718e+00
-1.461647759590681606e+00
-1.461790177999392926e+00
-1.462324800005105452e+00
-1.462392926723233177e+00
-1.462349162241747269e+00
-1.462591927885211085e+00
-1.462657831146490395e+00
-1.463290458509167724e+00
-1.463681360430475475e+00
-1.463952382254376294e+00
-1.464153608762115644e+00
-1.468119641973984812e+00
-1.468118645251652588e+00
-1.468413082312902462e+00
-1.469883704019050219e+00
-1.471113387596198363e+00
-1.471461987522038939e+00
-1.472508350578985770e+00
-1.472741169540688233e+00
-1.474098262535221249e+00
-1.474270945734836857e+00
-1.475139988052417417e+00
-1.480619897496930903e+00
-1.480675778296581147e+00
-1.481036180838609884e+00
-1.481069714021289840e+00
-1.481330396674643612e+00
-1.481645688957759610e+00
-1.481802315588719665e+00
-1.481996645396092216e+00
-1.482662385389703630e+00
-1.484139941224699166e+00
-1.501381992619735817e+00
-1.502777603354923608e+00
-1.587558550779252009e+00
-1.688748646469957260e+00
-1.688754836004263016e+00
-1.688817117887439156e+00
-1.690013203170707579e+00
-1.691761058379557481e+00
-1.700564260751337597e+00
-1.701013596350513302e+00
-1.701785942488042380e+00
-1.708298449796279428e+00
-1.708762048972161107e+00
-1.713166586393386925e+00
-1.714155791318593192e+00
-1.725370147080923511e+00
-1.725243933027650112e+00
-1.725266614536146825e+00
-1.725522209426288089e+00
-1.725523371971090292e+00
-1.741212091235103454e+00
-1.753656692743970291e+00
-1.753853256125641247e+00
-1.757815724531755386e+00
-1.758115004239024115e+00
-1.758525113317074950e+00
-1.776171591498185265e+00
-1.776305982324176025e+00
-1.776341857547171443e+00
-1.776343573700776002e+00
-1.777809446120310444e+00
-1.829632740438290828e+00
-1.830311393045680024e+00
-1.832542239146761176e+00
-1.842018110750474502e+00
-1.842871862634140934e+00
-1.842585132373637746e+00
-1.842869638890524797e+00
-1.842758166837311418e+00
-1.843611843564155084e+00
-1.843647604502270054e+00
-1.843798003485591419e+00
-1.843832896463277082e+00
-1.843915150055530416e+00
-1.843959336054133091e+00
-1.844737333131013735e+00
-1.844912201629724136e+00
-1.850276118807749892e+00
-1.850784407567388934e+00
-1.853699506793149432e+00
-1.853930220752726843e+00
-1.854092865045285254e+00
-1.853977267498675863e+00
-1.854674160077632861e+00
-1.854813031756610942e+00
-1.854852929574976939e+00
-1.855257516705524523e+00
-1.855264498753714575e+00
-1.855367867558974648e+00
-1.855450193778478862e+00
-1.855635028746051907e+00
-1.855866988775335624e+00
-1.856027309988186103e+00
-1.855953611192925568e+00
-1.855974583372328013e+00
-1.856084549675121043e+00
-1.856240825695079089e+00
-1.856793692725022149e+00
-1.856810124940835305e+00
-1.857112050258183267e+00
-1.857299699748986122e+00
-1.857383919718885945e+00
-1.857399188193560757e+00
-1.857455747487948283e+00
-1.857483928811754614e+00
-1.857487063443239217e+00
-1.857616087784185410e+00
-1.857825530021711469e+00
-1.857995825154646674e+00
-1.858000725751265847e+00
-1.858027915799769669e+00
-1.858084863717210933e+00
-1.858111532307404001e+00
-1.858731312278323111e+00
-1.858833593029137088e+00
-1.858773316501497019e+00
-1.858810734685575117e+00
-1.860524981887516693e+00
-1.860752962855282799e+00
-1.860825872967867944e+00
-1.861088703991510274e+00
-1.861140101214383336e+00
-1.861605108475310022e+00
-1.861691870383815672e+00
-1.861667451997450318e+00
-1.862107985412102984e+00
-1.862629799261875219e+00
-1.862658951856926093e+00
-1.862739993193518018e+00
-1.863067836030460889e+00
-1.863107670686896089e+00
-1.863152928118838592e+00
-1.863390294967782745e+00
-1.863447430058929655e+00
-1.863490708533861229e+00
-1.863511713096701161e+00
-1.863601308794704980e+00
-1.863725128714282864e+00
-1.863898181936771037e+00
-1.863900087807165207e+00
-1.863901824228203274e+00
-1.864066886466755779e+00
-1.864230897286838218e+00
-1.864246467040616029e+00
-1.864351967338933491e+00
-1.864468327519057667e+00
-1.864379720665432227e+00
-1.864407051191427689e+00
-1.861618610156739795e+00
-1.861843036448770139e+00
-1.861920791378057549e+00
-1.862019894964222377e+00
-1.862248198218448669e+00
-1.861968103013442732e+00
-1.861942036413523294e+00
-1.861972635955137623e+00
-1.861990992745916396e+00
-1.861960735624716756e+00
-1.861927815570015854e+00
-1.861746733315031932e+00
-1.861706376332325164e+00
-1.861749858046911399e+00
-1.861783738831357837e+00
-1.861783659836270477e+00
-1.861977053389374692e+00
-1.861977386458492534e+00
-1.862000173131083791e+00
-1.862000520505926016e+00
-1.862004986236823090e+00
-1.862007124786035916e+00
-1.862074502515859376e+00
-1.862074605415555029e+00
-1.862075835608854035e+00
-1.862111160112123853e+00
-1.862124807206506194e+00
-1.862167640513651801e+00
-1.862238648847283073e+00
-1.862256678125130627e+00
-1.862367236161877049e+00
-1.862368573264235216e+00
-1.862373014090514811e+00
-1.862440686887537389e+00
-1.862488473659570154e+00
-1.862554441743797362e+00
-1.862618558344799391e+00
-1.862626892466714867e+00
-1.862243866911317491e+00
-1.862245969687339908e+00
-1.862198075028903332e+00
-1.862197900090643454e+00
-1.862278953122874503e+00
-1.861829045707636299e+00
-1.862150363240333562e+00
-1.862165843428995826e+00
-1.862424851966909101e+00
-1.862576361835916572e+00
-1.862763051537550174e+00
-1.863141587741313110e+00
-1.863429139462496664e+00
-1.863656410931654017e+00
-1.864598532188463720e+00
-1.867018047489453991e+00
-1.867627789176185882e+00
-1.867872501548933251e+00
-1.869115168830811413e+00
-1.869454612100971413e+00
-1.869704458580897510e+00
-1.870064608592535205e+00
-1.870079495774460421e+00
-1.870093836824016087e+00
-1.870333481897831884e+00
-1.870342381287690259e+00
-1.870413221392361436e+00
-1.870421240580261824e+00
-1.870442656904572676e+00
-1.870479673887424310e+00
-1.870461830003594894e+00
-1.870475470750272429e+00
-1.870464830291620917e+00
-1.870475135461349137e+00
-1.870475512828424280e+00
-1.870569261875550504e+00
-1.870606913005381955e+00
-1.870685342006385143e+00
-1.870816799079171089e+00
-1.870852899332751118e+00
-1.870856268809895084e+00
-1.870856853923508201e+00
-1.870865071246472056e+00
-1.870864781415714440e+00
-1.870857659420660069e+00
-1.870857223331089170e+00
-1.870798419236996857e+00
-1.870795050082155297e+00
-1.870817215125812893e+00
-1.870929337538708159e+00
-1.870929337536511028e+00
-1.870817215115677445e+00
-1.870795050130866777e+00
-1.870798419076900476e+00
-1.870857223307634598e+00
-1.870857659531472095e+00
-1.870864782047993335e+00
-1.870865071225934262e+00
-1.870856854363692312e+00
-1.870855708620149604e+00
-1.870852899331101105e+00
-1.870816799078364179e+00
-1.870613574049200256e+00
-1.870606913006327865e+00
-1.870569261878581635e+00
-1.870475757863773847e+00
-1.870475096679825810e+00
-1.870464768146152812e+00
-1.870475470762073877e+00
-1.870461788583719809e+00
-1.870429885830851013e+00
-1.870442656902465917e+00
-1.870421240539330565e+00
-1.870413221392353886e+00
-1.870342381269413545e+00
-1.870333481898788230e+00
-1.870093836820388322e+00
-1.870079495775208489e+00
-1.870064608592415301e+00
-1.869704458579068529e+00
-1.869454612210837086e+00
-1.869115168828470397e+00
-1.867872501548711650e+00
-1.867627789183371689e+00
-1.867018047490918820e+00
-1.864598532390346897e+00
-1.863656195703071283e+00
-1.863429139464876982e+00
-1.863141587741500516e+00
-1.862763051509606083e+00
-1.862576361836750571e+00
-1.862424850143243882e+00
-1.862165844144715088e+00
-1.862150363261047215e+00
-1.861829046022550394e+00
-1.862278756066148677e+00
-1.862197901841000425e+00
-1.862198075344379422e+00
-1.862245969676401103e+00
-1.862243866733163555e+00
-1.862626894683062417e+00
-1.862618558342122199e+00
-1.862554441743845990e+00
-1.862488473657971211e+00
-1.862440686923191313e+00
-1.862373014059239829e+00
-1.862368573266582672e+00
-1.862367236180480612e+00
-1.862256677986859232e+00
-1.862238648862640122e+00
-1.862167640513951339e+00
-1.862124807205971955e+00
-1.862111160112225106e+00
-1.862075835608885122e+00
-1.862074605407760153e+00
-1.862074502511997132e+00
-1.862007124785906242e+00
-1.862004986236761805e+00
-1.862000520505805001e+00
-1.862000173130926139e+00
-1.861977418155155162e+00
-1.861977053388983006e+00
-1.861783659835450688e+00
-1.861783738829757562e+00
-1.861749863398588944e+00
-1.861706202437007684e+00
-1.861746727709421956e+00
-1.861927810531511795e+00
-1.861960735674142553e+00
-1.861990994264979271e+00
-1.861699409360332069e+00
-1.861942373533093331e+00
-1.861968092876423064e+00
-1.862248198912053843e+00
-1.862019895176521000e+00
-1.861920782858843992e+00
-1.861843036363199477e+00
-1.861618611551961511e+00
-1.864407050915304787e+00
-1.864090584856475719e+00
-1.864468327030579964e+00
-1.864351843817023902e+00
-1.864246519353905951e+00
-1.864230897271706988e+00
-1.864066886450929772e+00
-1.863901824227308435e+00
-1.863900087804984729e+00
-1.863898181937388765e+00
-1.863725128729914138e+00
-1.863601308794649469e+00
-1.863511713075206355e+00
-1.863490708531028162e+00
-1.863447430059612664e+00
-1.863390294954632820e+00
-1.863152928116626583e+00
-1.863107670683181283e+00
-1.863067836031832680e+00
-1.862739993202538580e+00
-1.862658951862333545e+00
-1.862629799255346441e+00
-1.862107985362107421e+00
-1.861667451997533362e+00
-1.861691870313065600e+00
-1.861605108474832626e+00
-1.861140101182972462e+00
-1.861088703994185245e+00
-1.860825872967889483e+00
-1.860752962867778137e+00
-1.860524981878965534e+00
-1.858810734764044792e+00
-1.858773316498036232e+00
-1.858833593025683406e+00
-1.858731312296267202e+00
-1.858111532308494018e+00
-1.858084862441698348e+00
-1.858027916455745832e+00
-1.858000725734135994e+00
-1.857995825173963222e+00
-1.857825530021801619e+00
-1.857616087784121905e+00
-1.857487063443229669e+00
-1.857483928806108242e+00
-1.857455747487099629e+00
-1.857399188174356119e+00
-1.857383919762874314e+00
-1.857299699900304635e+00
-1.857112050071763720e+00
-1.856810124939318740e+00
-1.856793692469419943e+00
-1.856240825669261074e+00
-1.856084549674946738e+00
-1.855952545371774676e+00
-1.855953611192798558e+00
-1.856027309988937501e+00
-1.855866988964307573e+00
-1.855635028744122561e+00
-1.855450193777332668e+00
-1.855367867570001161e+00
-1.855264498758389724e+00
-1.855257516654842620e+00
-1.854852929354428248e+00
-1.854813031756534780e+00
-1.853697485974665549e+00
-1.853828354385461230e+00
-1.854092863980170147e+00
-1.853930220838748255e+00
-1.853699506803279995e+00
-1.854057229938458562e+00
-1.853997198177469219e+00
-1.854448871901599016e+00
-1.853374845566756690e+00
-1.852850289892696178e+00
-1.852577495442987443e+00
-1.852815974820236189e+00
-1.852905547918582529e+00
-1.853082553816087330e+00
-1.853320640482460036e+00
-1.853385011398092086e+00
-1.853369621582404703e+00
-1.853347201891306417e+00
-1.853887145263432235e+00
-1.855425210052497720e+00
-1.861744453700997504e+00
-1.859188920788163113e+00
-1.854301235846537832e+00
-1.854732418046890707e+00
-1.854294077298719534e+00
-1.854338981815396581e+00
-1.854308220185284295e+00
-1.854426056011821977e+00
-1.855443510207572366e+00
-1.856786699230569493e+00
-1.859324060024955427e+00
-1.860317383811123770e+00
-1.861424128234292041e+00
-1.861491879047625364e+00
-1.860770624544854979e+00
-1.860782531166730980e+00
-1.861292931178412324e+00
-1.861360498463847879e+00
-1.860951674374871745e+00
-1.861329604875884502e+00
-1.861998845117219137e+00
-1.865024885401272092e+00
-1.856686111242272119e+00
-1.856182972922932439e+00
-1.857094481712355583e+00
-1.857541065160455140e+00
-1.857826540456211539e+00
-1.858118863568094969e+00
-1.858040478451902455e+00
-1.858044793727001043e+00
-1.858814549883727629e+00
-1.854133879729583434e+00
-1.853333740169884170e+00
-1.854128492449941268e+00
-1.853709919337632073e+00
-1.854005388888903649e+00
-1.853712206314637845e+00
-1.853713584789558055e+00
-1.853734231132862398e+00
-1.854002478475035520e+00
-1.854005755200408112e+00
-1.854368523529412949e+00
-1.853558077246252545e+00
-1.853634349693215722e+00
-1.853796069738745445e+00
-1.853742743126976844e+00
-1.853861809265075156e+00
-1.853832623266955970e+00
-1.853901281471362461e+00
-1.853847462993038597e+00
-1.853888300797867927e+00
-1.853920907391307660e+00
-1.854252450288580212e+00
-1.853979291380854821e+00
-1.854053853033197807e+00
-1.853992354269386578e+00
-1.853993831860927921e+00
-1.854003635798707528e+00
-1.854050129961721138e+00
-1.854402241218536140e+00
-1.854366558068390347e+00
-1.854431169948053792e+00
-1.854491514552158105e+00
-1.854756291713895777e+00
-1.854792580628479293e+00
-1.854806332084389275e+00
-1.854838744668781514e+00
-1.854857366898229554e+00
-1.854990507608347494e+00
-1.854997977615298499e+00
-1.855014846940535200e+00
-1.855050457654431106e+00
-1.855185694412019526e+00
-1.855269681403494575e+00
-1.855236017141045135e+00
-1.855242120960089336e+00
-1.855283349942175919e+00
-1.855432144456406807e+00
-1.855424762803496774e+00
-1.855407266129751598e+00
-1.855439092283431179e+00
-1.855458403819326030e+00
-1.855585445664139188e+00
-1.855609756709343472e+00
-1.855074172464209248e+00
-1.855074247555023259e+00
-1.854958431851024159e+00
-1.854936511915696640e+00
-1.854954374729045785e+00
-1.854949239650960369e+00
-1.854949511960515496e+00
-1.854894505672969984e+00
-1.854875080223802541e+00
-1.854863271499107125e+00
-1.854893321966627484e+00
-1.854411647095478344e+00
-1.854261781499752182e+00
-1.854259130464485983e+00
-1.854258304048358008e+00
-1.854253275416265279e+00
-1.854149527901979289e+00
-1.854197880020907574e+00
-1.854048465523711720e+00
-1.853981168851329242e+00
-1.853771574666052135e+00
-1.853686402082303175e+00
-1.853611549629416988e+00
-1.853548047791847342e+00
-1.853537307549149915e+00
-1.853427058260357363e+00
-1.853415637142472594e+00
-1.853433723962483182e+00
-1.853425771470865735e+00
-1.853506732206501084e+00
-1.853186011281195977e+00
-1.853190032355623629e+00
-1.853102277161946088e+00
-1.853145998792836924e+00
-1.853087308861905758e+00
-1.853225933569293993e+00
-1.852894344591959452e+00
-1.852970126585573585e+00
-1.852822348909078487e+00
-1.852852906865831706e+00
-1.852748651931275692e+00
-1.852755110061095278e+00
-1.852934193101579918e+00
-1.852488284879463931e+00
-1.852523682618180567e+00
-1.852516933078354633e+00
-1.852437256969366342e+00
-1.852436156913481735e+00
-1.852438745623517846e+00
-1.852365118355979279e+00
-1.852351212802493485e+00
-1.852669952445544777e+00
-1.852892717142847978e+00
-1.858872057212604512e+00
-1.856960821993169253e+00
-1.856953823777875323e+00
-1.857107060029140388e+00
-1.857051353067677102e+00
-1.856860584116076796e+00
-1.856919731459268252e+00
-1.856530906794927827e+00
-1.857113373762273145e+00
-1.861964382661707385e+00
-1.861341018474786502e+00
-1.861166867006890158e+00
-1.860966472419279816e+00
-1.861371540868489882e+00
-1.861601911067205517e+00
-1.861161778507112619e+00
-1.861179008946569624e+00
-1.861971914465877509e+00
-1.862142430798590098e+00
-1.861545679410875120e+00
-1.861197214957633905e+00
-1.859935481072823471e+00
-1.858873254107075823e+00
-1.857995441553953242e+00
-1.856347911387498995e+00
-1.856179443118260775e+00
-1.856096156487398563e+00
-1.856346729599561929e+00
-1.857125885773857066e+00
-1.864112453299350047e+00
-1.864423926570623058e+00
-1.859919483193758882e+00
-1.859121536023499388e+00
-1.859321338229317000e+00
-1.858918260948409173e+00
-1.859052171194617964e+00
-1.859290896112256064e+00
-1.859231882970631133e+00
-1.859280592172486202e+00
-1.859312154908016490e+00
-1.859695393702239796e+00
-1.859715587748350440e+00
-1.856189793535937937e+00
-1.858213898795776142e+00
-1.858814753195796365e+00
-1.857205972250628445e+00
-1.856019035104266024e+00
-1.856418355654199104e+00
-1.856510521057592733e+00
-1.857148114317302534e+00
-1.857270531543916414e+00
-1.855361702424446424e+00
-1.855290988247831674e+00
-1.853787518754584696e+00
-1.857128748134853957e+00
-1.857059090123017953e+00
-1.857873370349332864e+00
-1.857918944059145705e+00
-1.857144476041425740e+00
-1.855108187090350302e+00
-1.855077552189730472e+00
-1.855062333215889758e+00
-1.855064173024656649e+00
-1.855274791850120675e+00
-1.856466308415687605e+00
-1.855904491630390396e+00
-1.858551318485589299e+00
-1.855327273726568471e+00
-1.855451921068245635e+00
-1.855437486890786136e+00
-1.855453911250191990e+00
-1.855559805941157103e+00
-1.855574889877931621e+00
-1.855683860876768509e+00
-1.855919697396120061e+00
-1.856214279636608122e+00
-1.856772767893315912e+00
-1.858900654913137496e+00
-1.859068683577843162e+00
-1.859196036121282258e+00
-1.859833676773829936e+00
-1.859907225072675807e+00
-1.859828086007146108e+00
-1.860118563802694691e+00
-1.861749806039320276e+00
-1.862093786991898092e+00
-1.862162602494420449e+00
-1.862516497727392251e+00
-1.862530545022876627e+00
-1.862826225002252478e+00
-1.862895434780082793e+00
-1.862870544854129617e+00
-1.863161135496774312e+00
-1.863790781202282698e+00
-1.863808167442317254e+00
-1.863906425617540386e+00
-1.864128190613276059e+00
-1.864199199886818148e+00
-1.864248343010523890e+00
-1.864420521394695385e+00
-1.864423224867986839e+00
-1.864374951652205237e+00
-1.864378946414030791e+00
-1.864409471768674997e+00
-1.864662962824473968e+00
-1.864735648033360782e+00
-1.864742858166289707e+00
-1.864743090736987741e+00
-1.864912422397217107e+00
-1.864936108126227010e+00
-1.864948291440607697e+00
-1.865003679894535971e+00
-1.865096953842448002e+00
-1.865104889012253242e+00
-1.865110981423334202e+00
-1.865120457525643261e+00
-1.865138703589707792e+00
-1.865356642231068118e+00
-1.865385117816566574e+00
-1.865481965516671892e+00
-1.865521578216868814e+00
-1.865531376610522152e+00
-1.865535719437499962e+00
-1.865558837869538023e+00
-1.865562707413908283e+00
-1.865566124270507942e+00
-1.865562823233843481e+00
-1.865733532866039379e+00
-1.865730942033221762e+00
-1.865734478977902011e+00
-1.865760961097571169e+00
-1.865915928420240677e+00
-1.865916662162373285e+00
-1.865951175873147072e+00
-1.865955563831191988e+00
-1.865957336222157537e+00
-1.865990482284367147e+00
-1.866033651801437099e+00
-1.866034344534290845e+00
-1.866057510806019115e+00
-1.866062165434929865e+00
-1.866068779708390135e+00
-1.866094106880292980e+00
-1.866101995876603858e+00
-1.866114419617360465e+00
-1.866166247465092631e+00
-1.866166062785612922e+00
-1.866173588784917126e+00
-1.866256803369737982e+00
-1.865568102507522585e+00
-1.865565599952657472e+00
-1.865535337134071270e+00
-1.865522182930811068e+00
-1.865511850588633225e+00
-1.865653421186922012e+00
-1.865655518801773827e+00
-1.865665534803787828e+00
-1.865670661728260127e+00
-1.865589049489059015e+00
-1.865610865962111120e+00
-1.865744998030463453e+00
-1.866069143527291363e+00
-1.866131554196550857e+00
-1.866152579977255366e+00
-1.866450454054148889e+00
-1.866539516355787187e+00
-1.866561262356376760e+00
-1.867120914566720913e+00
-1.869178055328269306e+00
-1.869935263538285541e+00
-1.870100558572008520e+00
-1.870535551912086092e+00
-1.870893068521106262e+00
-1.871167108237397514e+00
-1.871432769679232777e+00
-1.871435885654115339e+00
-1.871449771921219529e+00
-1.871450747282086269e+00
-1.871642927985649019e+00
-1.871678197625697759e+00
-1.871706818173478393e+00
-1.871722348225704602e+00
-1.871750141593475192e+00
-1.871742464085333069e+00
-1.871805027611227912e+00
-1.871801096442582635e+00
-1.871805495163247457e+00
-1.871808622323692051e+00
-1.871914903867949453e+00
-1.871918727646472380e+00
-1.871941726247162485e+00
-1.871949291426648898e+00
-1.871964718425653817e+00
-1.871970616411824828e+00
-1.871965225516690312e+00
-1.871982535192502128e+00
-1.871987673357141890e+00
-1.871992197868003860e+00
-1.872043449742960330e+00
-1.872043175578471885e+00
-1.872047957302964472e+00
-1.872047923965030058e+00
-1.872089714090412915e+00
-1.872089714090166890e+00
-1.872047923953529480e+00
-1.872047957302300558e+00
-1.872043175591354469e+00
-1.872043449742234689e+00
-1.871992197866191310e+00
-1.871987673357271786e+00
-1.871982535192480368e+00
-1.871964950687272644e+00
-1.871967221310288920e+00
-1.871964718424540042e+00
-1.871949291426669548e+00
-1.871923215475780999e+00
-1.871918727647755576e+00
-1.871914903869052349e+00
-1.871808624509189389e+00
-1.871805495191996460e+00
-1.871801138949986676e+00
-1.871805027872142313e+00
-1.871742447707668511e+00
-1.871722369587116352e+00
-1.871722348224550192e+00
-1.871706818173340059e+00
-1.871678197618667161e+00
-1.871642927966335135e+00
-1.871450747280581250e+00
-1.871449771935703055e+00
-1.871435885654101128e+00
-1.871432769682973341e+00
-1.871167108222955733e+00
-1.870893068520920188e+00
-1.870535551911088668e+00
-1.870100558571545557e+00
-1.869935263540702053e+00
-1.869178055318668097e+00
-1.867120914566284373e+00
-1.866559205768415719e+00
-1.866539516354616790e+00
-1.866450454144561011e+00
-1.866152580074228240e+00
-1.866131554266312387e+00
-1.866069143494090810e+00
-1.865744997797961435e+00
-1.865610865921067063e+00
-1.865589049455274484e+00
-1.865670661952240517e+00
-1.865665534786598467e+00
-1.865655518780423350e+00
-1.865653419604616836e+00
-1.865511850552764361e+00
-1.865522183273862211e+00
-1.865535336042110526e+00
-1.865565599526623153e+00
-1.865568102267944894e+00
-1.866256770427448419e+00
-1.866173588825398078e+00
-1.866166061038004198e+00
-1.866166246449784349e+00
-1.866114419494782073e+00
-1.866101995767627475e+00
-1.866094106871279079e+00
-1.866068779710897463e+00
-1.866062165433774567e+00
-1.866057510806012232e+00
-1.866034324245457343e+00
-1.866033651797699200e+00
-1.865990482284394680e+00
-1.865957336222290097e+00
-1.865955563831027231e+00
-1.865951175902019754e+00
-1.865916577360922535e+00
-1.865915928417233971e+00
-1.865760961098164028e+00
-1.865734478977135735e+00
-1.865730938276642714e+00
-1.865733532901662217e+00
-1.865562823231567968e+00
-1.865566124280323645e+00
-1.865562707400389542e+00
-1.865558837761656097e+00
-1.865535719439261886e+00
-1.865531376607335146e+00
-1.865521578212927301e+00
-1.865481965519819596e+00
-1.865385117811544813e+00
-1.865356642226778439e+00
-1.865138703590237146e+00
-1.865120457526530107e+00
-1.865110981422121395e+00
-1.865104889011036882e+00
-1.865096953842730443e+00
-1.865003679898254330e+00
-1.864948291440714279e+00
-1.864936108518904234e+00
-1.864912422401249881e+00
-1.864743090734665154e+00
-1.864742858182864449e+00
-1.864735648026558668e+00
-1.864662962817912550e+00
-1.864409471771083737e+00
-1.864348900909798878e+00
-1.864299613383338716e+00
-1.864423221519706964e+00
-1.864420521300317990e+00
-1.864248343282257414e+00
-1.864199199826622522e+00
-1.864128190611524349e+00
-1.863906425394283417e+00
-1.863808167442388086e+00
-1.863790781224391457e+00
-1.863161135524227241e+00
-1.862870544854037913e+00
-1.862895434781816739e+00
-1.862826225007911285e+00
-1.862530545014947414e+00
-1.862516497730535514e+00
-1.862162602494473074e+00
-1.862093786991934952e+00
-1.861749806087505288e+00
-1.860118563787512835e+00
-1.859828086004299497e+00
-1.859907225063347047e+00
-1.859833676782086442e+00
-1.859196036121178341e+00
-1.859068683599661487e+00
-1.858900654736982627e+00
-1.856772767896445187e+00
-1.856214279671337897e+00
-1.855919697397817369e+00
-1.855683860876769398e+00
-1.855559753385629174e+00
-1.855559805942874396e+00
-1.855453985620540314e+00
-1.855437494603187298e+00
-1.855451905531102952e+00
-1.855326964725919403e+00
-1.858551134398287008e+00
-1.855904490373892601e+00
-1.855884052612442714e+00
-1.855260214703772892e+00
-1.855064163381986653e+00
-1.855062334915579259e+00
-1.855056185662080193e+00
-1.855108269707404611e+00
-1.857132216354074217e+00
-1.858407812369855305e+00
-1.858047391844596774e+00
-1.858348662760595627e+00
-1.858764740216976907e+00
-1.853786679465095677e+00
-1.855263258377198632e+00
-1.855361740190926589e+00
-1.857245747299578031e+00
-1.857148047567878546e+00
-1.856474319588135469e+00
-1.856418027401494975e+00
-1.856018366736056802e+00
-1.855282648529321676e+00
-1.854870463252528578e+00
-1.854947010609306668e+00
-1.856359544273403550e+00
-1.858041359686295912e+00
-1.858042330340594628e+00
-1.857795095068276225e+00
-1.857773018774066642e+00
-1.857597364523875250e+00
-1.857675287858571833e+00
-1.857689538434552867e+00
-1.857677683692421589e+00
-1.857990173552195978e+00
-1.857922313278975279e+00
-1.858709485150594976e+00
-1.862994498614044314e+00
-1.855211273400196870e+00
-1.856112942983838332e+00
-1.855120858776517334e+00
-1.855065190916875828e+00
-1.855073805676921150e+00
-1.855195656134492221e+00
-1.858086155549667717e+00
-1.859010106006548702e+00
-1.860146816949593163e+00
-1.862159157184180458e+00
-1.863597599134033445e+00
-1.864096474891933752e+00
-1.863300544317020524e+00
-1.863472343907763840e+00
-1.863473297597086020e+00
-1.863695030793916407e+00
-1.864193458472791054e+00
-1.864643891085510097e+00
-1.864795485784797924e+00
-1.864925601668591337e+00
-1.865504961267185013e+00
-1.865311454476167086e+00
-1.864959022301745595e+00
-1.865354733596341852e+00
-1.865100357491967120e+00
-1.864436515023291552e+00
-1.863145978553585991e+00
-1.861708357448222717e+00
-1.861709768477697091e+00
-1.863430436391434908e+00
-1.855496439615255344e+00
-1.855269002540052670e+00
-1.855466947515906906e+00
-1.855495377016761704e+00
-1.855834897474020861e+00
-1.855128345796182021e+00
-1.855133110545291286e+00
-1.855140679204339005e+00
-1.855345114797675166e+00
-1.855100121707728089e+00
-1.855717723357716231e+00
-1.855158955988504221e+00
-1.855400084855284959e+00
-1.855515205694171943e+00
-1.855535114316661183e+00
-1.855560483656404580e+00
-1.855546088573222896e+00
-1.855707733902674184e+00
-1.855881583773948851e+00
-1.855888317968709789e+00
-1.855879128054246818e+00
-1.856108044178903071e+00
-1.856059972822943660e+00
-1.856121472898740965e+00
-1.856119699994400962e+00
-1.856135316988735795e+00
-1.856134794421625545e+00
-1.856268130355692936e+00
-1.856691445293280562e+00
-1.856702033177636268e+00
-1.856752726914794316e+00
-1.856773599892611371e+00
-1.856925005609650237e+00
-1.856937668154534204e+00
-1.856985497008992292e+00
-1.857029229101834655e+00
-1.857076995661087526e+00
-1.857108798693264839e+00
-1.857112336322864987e+00
-1.857113480665370187e+00
-1.857117514680157289e+00
-1.857219492859413901e+00
-1.857229225570328657e+00
-1.857291148618576360e+00
-1.857294115730864892e+00
-1.857306860291019657e+00
-1.857250815788062059e+00
-1.856399295715198683e+00
-1.856266502740205881e+00
-1.856380741788750344e+00
-1.856366008446286742e+00
-1.856593490639979027e+00
-1.856587843128548521e+00
