-1.422201208086976365e+00
-1.422347288949353583e+00
-1.422394205713346516e+00
-1.422408890234286183e+00
-1.424245792955290746e+00
-1.425410362157409905e+00
-1.425728208625958393e+00
-1.426554634865554005e+00
-1.426673809985647967e+00
-1.426700520644932357e+00
-1.453045343817168655e+00
-1.463383719462284960e+00
-1.463924036674432161e+00
-1.464035219774089569e+00
-1.463957343947815737e+00
-1.467431295232350275e+00
-1.467830236572774893e+00
-1.467968178103292942e+00
-1.468049421517507058e+00
-1.468285161814264717e+00
-1.468776929379833618e+00
-1.468906572681952794e+00
-1.469336819922169024e+00
-1.469337316483269262e+00
-1.469392947064522170e+00
-1.469977458236307877e+00
-1.470239248662345677e+00
-1.470433681562950845e+00
-1.470925337094944441e+00
-1.473206507692543132e+00
-1.473205303872002325e+00
-1.473484731736301789e+00
-1.474109159343499176e+00
-1.475219147480323567e+00
-1.475627366472171742e+00
-1.476710847043014363e+00
-1.477023306505810041e+00
-1.478261574313415538e+00
-1.478339629853870019e+00
-1.479038227335635725e+00
-1.484390734959524449e+00
-1.484412214074514402e+00
-1.484990943191300428e+00
-1.485006896525260078e+00
-1.485241227297403821e+00
-1.485425012988905280e+00
-1.485591009359219727e+00
-1.485780882543012549e+00
-1.486319300931706611e+00
-1.487659246816599889e+00
-1.500255714664548989e+00
-1.502208010119478132e+00
-1.581574915283163518e+00
-1.684633509167251297e+00
-1.684641775883066295e+00
-1.684708488072566235e+00
-1.685648544218686595e+00
-1.688224512596204541e+00
-1.697056153887416929e+00
-1.697559123473511677e+00
-1.698447463320214013e+00
-1.705109765946726252e+00
-1.706628229791353313e+00
-1.710989503734126504e+00
-1.712044955077286712e+00
-1.724131856524531603e+00
-1.723691805999387983e+00
-1.723671031408684495e+00
-1.723915744228538216e+00
-1.724454874825413597e+00
-1.739680924849907440e+00
-1.751520039080824764e+00
-1.751648181235706314e+00
-1.755799723998324735e+00
-1.756055202719352115e+00
-1.756338178914422787e+00
-1.774064813977797694e+00
-1.774081162429250513e+00
-1.774097377107117568e+00
-1.774101849875286963e+00
-1.775392070276815115e+00
-1.828921159939159491e+00
-1.829657788070187641e+00
-1.831883786477232601e+00
-1.841517109755661075e+00
-1.840100515737751241e+00
-1.840361961995697460e+00
-1.840564222704802466e+00
-1.841054709568490599e+00
-1.841577708395446100e+00
-1.841585488213352217e+00
-1.841893450136222077e+00
-1.841926299972713732e+00
-1.841933847552452264e+00
-1.842204854546111603e+00
-1.842887288998200201e+00
-1.842946507189129335e+00
-1.848180117633910324e+00
-1.848722251945329242e+00
-1.851918031865943393e+00
-1.851973570964329241e+00
-1.852134231822274657e+00
-1.851890912310027337e+00
-1.852261128321560868e+00
-1.851630786924105543e+00
-1.851402527722007640e+00
-1.852021976507632672e+00
-1.851984867442686422e+00
-1.851373675348793046e+00
-1.851324654586008256e+00
-1.851465427878528747e+00
-1.846813372388072194e+00
-1.846996508093059264e+00
-1.847030717148880008e+00
-1.847024247115400808e+00
-1.847269850244927625e+00
-1.847504922138839767e+00
-1.847898355248553059e+00
-1.848010298871060275e+00
-1.848270074553114206e+00
-1.848557577955038278e+00
-1.848601674819507101e+00
-1.848627107609043252e+00
-1.848686668853336990e+00
-1.848723287641186097e+00
-1.848723880190113578e+00
-1.848826931588277933e+00
-1.848858170500224718e+00
-1.849043116915309426e+00
-1.849088116884449517e+00
-1.849159142577240011e+00
-1.849235136209459007e+00
-1.849412595007286608e+00
-1.849640565208826137e+00
-1.849728908378808878e+00
-1.849705683791953659e+00
-1.849879425645797770e+00
-1.851819065097946027e+00
-1.852319760898114342e+00
-1.852369307698311873e+00
-1.852568419374946540e+00
-1.852752971739339616e+00
-1.853077852925315350e+00
-1.853418636960728172e+00
-1.853389385678523293e+00
-1.853930753179079183e+00
-1.854280051164109988e+00
-1.854352065544022654e+00
-1.854405434553063170e+00
-1.854846097771921443e+00
-1.854916154482229906e+00
-1.854950050889270674e+00
-1.855142992473468366e+00
-1.855401017518650830e+00
-1.855421364316686805e+00
-1.855424454992710359e+00
-1.855531310507759990e+00
-1.855630604593091704e+00
-1.855829761600044536e+00
-1.855829325865347990e+00
-1.855826561174346967e+00
-1.856212071600197078e+00
-1.856348514994759169e+00
-1.856373187479734455e+00
-1.856551757366016187e+00
-1.856594703382181688e+00
-1.856251454599565864e+00
-1.856456469129869058e+00
-1.856417753746289812e+00
-1.856414482994568793e+00
-1.856465453025886170e+00
-1.856474545980621116e+00
-1.856690115620882153e+00
-1.856699679968604189e+00
-1.856664038507662040e+00
-1.856711246588289121e+00
-1.856715804765144862e+00
-1.856721828163727439e+00
-1.856770287412340403e+00
-1.856779026105083386e+00
-1.856777487534351900e+00
-1.856830961180717665e+00
-1.856836767607377814e+00
-1.856850942160101825e+00
-1.857061553780531060e+00
-1.857065983401587017e+00
-1.857078409180095147e+00
-1.857079324260952458e+00
-1.857114890058973344e+00
-1.857113583835689141e+00
-1.857176443650391917e+00
-1.857177877396185339e+00
-1.857187690930054424e+00
-1.857191415284315195e+00
-1.857187301242396060e+00
-1.857212506972251376e+00
-1.857277513796504298e+00
-1.857281275645030538e+00
-1.857345755092175921e+00
-1.857347938578471247e+00
-1.857348660869703405e+00
-1.857380283872292370e+00
-1.857401155336165566e+00
-1.857422847205142613e+00
-1.857481734395812545e+00
-1.857482584995427732e+00
-1.857528439890742789e+00
-1.857535681546429007e+00
-1.857537118345302884e+00
-1.857569205051974981e+00
-1.857568504207870008e+00
-1.857568737349582833e+00
-1.857576814299483958e+00
-1.857860302816664255e+00
-1.858640294031254747e+00
-1.858772119942230017e+00
-1.858879753026774662e+00
-1.859288230085083482e+00
-1.859690092910833537e+00
-1.859935040860746014e+00
-1.860757788643877308e+00
-1.863438833277865303e+00
-1.864017999203379627e+00
-1.864329961671828517e+00
-1.865507708918154872e+00
-1.865793412475458490e+00
-1.866107826759421107e+00
-1.866465510592429933e+00
-1.866474858064861575e+00
-1.866487550359946512e+00
-1.866557137800947785e+00
-1.866609290970654200e+00
-1.866655162575400873e+00
-1.866663117628011515e+00
-1.866720239388010683e+00
-1.866753686074761998e+00
-1.866754453225588417e+00
-1.866769897929368760e+00
-1.866769851807329017e+00
-1.866772456337083774e+00
-1.866772309479577174e+00
-1.866794138768584244e+00
-1.866513437039523993e+00
-1.866516806476304025e+00
-1.866535307610899475e+00
-1.866420953157506224e+00
-1.866422305143534466e+00
-1.866434989074755135e+00
-1.866441084135324724e+00
-1.866476723057008291e+00
-1.866487571115551525e+00
-1.866490920563308009e+00
-1.866495182478211445e+00
-1.866496827380104806e+00
-1.866508679766377909e+00
-1.866579026440035260e+00
-1.866579026440179145e+00
-1.866508679749174560e+00
-1.866496827380213386e+00
-1.866495182453216328e+00
-1.866490920575727852e+00
-1.866487571114872068e+00
-1.866476723065348953e+00
-1.866441084135491035e+00
-1.866433444482226811e+00
-1.866422307445365192e+00
-1.866420965087039807e+00
-1.866535307604087368e+00
-1.866516788466625609e+00
-1.866513431117543753e+00
-1.866794149644017686e+00
-1.866772308862933771e+00
-1.866772453763463346e+00
-1.866769845525950045e+00
-1.866769897485746288e+00
-1.866754384456248417e+00
-1.866719862424800036e+00
-1.866720239386130409e+00
-1.866663117663918126e+00
-1.866655162575572291e+00
-1.866609290977250479e+00
-1.866557137801734045e+00
-1.866487550362143200e+00
-1.866474858064898656e+00
-1.866465510592734134e+00
-1.866107826796064906e+00
-1.865793412668531825e+00
-1.865507708940091769e+00
-1.864329961673152791e+00
-1.864017999203307685e+00
-1.863438833276989559e+00
-1.860757788643886634e+00
-1.859934957367730179e+00
-1.859690092909644932e+00
-1.859288230046563850e+00
-1.858879753029795134e+00
-1.858772119942767587e+00
-1.858640294053163444e+00
-1.857860302829518639e+00
-1.857576814301024726e+00
-1.857568708111248412e+00
-1.857568504148063848e+00
-1.857569205052093997e+00
-1.857537118345348404e+00
-1.857535681550909645e+00
-1.857528439890741900e+00
-1.857482584998725761e+00
-1.857481734393845674e+00
-1.857422847205491667e+00
-1.857401155336570353e+00
-1.857380283870821547e+00
-1.857348660879862834e+00
-1.857347938578377100e+00
-1.857345755091786010e+00
-1.857281275636093465e+00
-1.857277513854141748e+00
-1.857212506720764988e+00
-1.857187301531354695e+00
-1.857191415282734237e+00
-1.857187690930282464e+00
-1.857177876099813219e+00
-1.857176443672615695e+00
-1.857113583836044857e+00
-1.857114890071847269e+00
-1.857079287173236226e+00
-1.857078409165615174e+00
-1.857065352852768303e+00
-1.857061553781462315e+00
-1.856850942164889995e+00
-1.856836767606985683e+00
-1.856831001352490018e+00
-1.856777071254339440e+00
-1.856779025935180405e+00
-1.856770287668964015e+00
-1.856721828119598960e+00
-1.856715804760760591e+00
-1.856711246588356845e+00
-1.856664462729419540e+00
-1.856699679942946712e+00
-1.856690115790602169e+00
-1.856474545824498890e+00
-1.856465452671326233e+00
-1.856414482901591168e+00
-1.856417759237993792e+00
-1.856456469428863887e+00
-1.856242934506833642e+00
-1.856594702729126745e+00
-1.856551757393773538e+00
-1.856366615984294199e+00
-1.856348515013731770e+00
-1.856212071600932267e+00
-1.855826381952339288e+00
-1.855777683314411064e+00
-1.855829761692357804e+00
-1.855630604658158544e+00
-1.855531310518997001e+00
-1.855424454990350025e+00
-1.855421364329242984e+00
-1.855401017493368832e+00
-1.855142992477285091e+00
-1.854950050901240877e+00
-1.854916154483787105e+00
-1.854846097772286484e+00
-1.854405434584091017e+00
-1.854352065539507599e+00
-1.854280051153976538e+00
-1.853930753178992141e+00
-1.853389385685583424e+00
-1.853418637021696735e+00
-1.853077852935758107e+00
-1.852752971759058287e+00
-1.852568419374704956e+00
-1.852369307697245615e+00
-1.852319760895982936e+00
-1.851819065058748714e+00
-1.849879425638730090e+00
-1.849705683787311372e+00
-1.849728908378481806e+00
-1.849640565210282972e+00
-1.849412595007343896e+00
-1.849235136213935649e+00
-1.849159142449614102e+00
-1.849088116884423982e+00
-1.849043116942129306e+00
-1.848858170553097535e+00
-1.848826931591585065e+00
-1.848723788416448910e+00
-1.848723287632488832e+00
-1.848686668853356307e+00
-1.848627107606833686e+00
-1.848601674712070597e+00
-1.848557577771455129e+00
-1.848270074490593551e+00
-1.848271178743730259e+00
-1.848419502108519463e+00
-1.848420183917522941e+00
-1.848417546209966567e+00
-1.848443026566334968e+00
-1.848464109727486537e+00
-1.848729267791138220e+00
-1.848923497353969436e+00
-1.852604718617121282e+00
-1.851324654805627690e+00
-1.851373497135089252e+00
-1.851983900456221743e+00
-1.852021966714094470e+00
-1.851401758946930265e+00
-1.851630786687788799e+00
-1.851897546404788875e+00
-1.851887625857836728e+00
-1.852134231580664370e+00
-1.851973466737727225e+00
-1.851918029679518574e+00
-1.848722251921496529e+00
-1.850645644482689534e+00
-1.848996971862227223e+00
-1.849662962612514061e+00
-1.849724037346461403e+00
-1.849683664209258449e+00
-1.849752207128064763e+00
-1.849826806069823970e+00
-1.850012489163423091e+00
-1.850240244799705280e+00
-1.849961484092012221e+00
-1.850257545647780999e+00
-1.850270816515594774e+00
-1.850341564672251193e+00
-1.854350599359382956e+00
-1.859075389167664571e+00
-1.850960764220296539e+00
-1.851454485174719444e+00
-1.851762720963326281e+00
-1.851538138003049339e+00
-1.851508504250642284e+00
-1.851538719696929070e+00
-1.848415262523209535e+00
-1.848787257810925011e+00
-1.850202419481971727e+00
-1.853097569374300368e+00
-1.850548470250687139e+00
-1.850588986914142531e+00
-1.850745246350058659e+00
-1.850837861197961232e+00
-1.851035583311490207e+00
-1.851795686401133789e+00
-1.852271687340608430e+00
-1.852661729699307314e+00
-1.853030066864549408e+00
-1.853792103433220095e+00
-1.857730012658564522e+00
-1.858636518647950098e+00
-1.858618635514737605e+00
-1.858985237471189267e+00
-1.858603735659990708e+00
-1.858617551468024320e+00
-1.858851659477488649e+00
-1.858815428279585236e+00
-1.858818463545256705e+00
-1.859355072137543363e+00
-1.856407179908241334e+00
-1.855413097487645491e+00
-1.856151412072632789e+00
-1.855830090514782427e+00
-1.856207036941826427e+00
-1.855403612796789004e+00
-1.855405966203883539e+00
-1.855403779002914089e+00
-1.855736413122036854e+00
-1.855696972283479296e+00
-1.856068798182746393e+00
-1.855738490315554934e+00
-1.855731399597446041e+00
-1.855870122134245959e+00
-1.856045060583253248e+00
-1.855918972299036573e+00
-1.855880455670667839e+00
-1.855934911772566309e+00
-1.855914029296282353e+00
-1.856021220218703194e+00
-1.856077163027892718e+00
-1.856298781456145797e+00
-1.856266600080028972e+00
-1.856951034465747608e+00
-1.856825541661236034e+00
-1.856925414759575954e+00
-1.856925189010460553e+00
-1.856950544163314287e+00
-1.857031769468973970e+00
-1.857005725736564639e+00
-1.857028055434096991e+00
-1.857358470462272981e+00
-1.857490701693798929e+00
-1.857479139714768523e+00
-1.857491112319711757e+00
-1.857511414983126663e+00
-1.857540319382051219e+00
-1.857556451736859682e+00
-1.857557614815611213e+00
-1.857558284034762863e+00
-1.857573165970925588e+00
-1.857602554029115893e+00
-1.857703174033010107e+00
-1.857622904516563977e+00
-1.857635240901051477e+00
-1.857653370207470456e+00
-1.857780723113644283e+00
-1.857510708988738601e+00
-1.856718642437961808e+00
-1.856795855866508305e+00
-1.856780254521541718e+00
-1.856812895712072642e+00
-1.856935648196991417e+00
-1.856452343133703886e+00
-1.856476153371818594e+00
-1.856447239528193238e+00
-1.856423560261808436e+00
-1.856461932733557640e+00
-1.857164827290565201e+00
-1.857422445773124542e+00
-1.857364245681744741e+00
-1.857338795625725902e+00
-1.857335871400943805e+00
-1.857353328447250762e+00
-1.857066218227530818e+00
-1.856994352971753415e+00
-1.857040275966718834e+00
-1.857039265250597593e+00
-1.857040247942550515e+00
-1.856998256668999314e+00
-1.857049650536297669e+00
-1.856983580277220103e+00
-1.856972132569385758e+00
-1.856889329099075558e+00
-1.856863067498415454e+00
-1.856544860861728985e+00
-1.856527654350725420e+00
-1.856527511612264814e+00
-1.856509592853695434e+00
-1.856518371619158003e+00
-1.856508366727088966e+00
-1.856501987601256287e+00
-1.856542364526272193e+00
-1.854393816000926565e+00
-1.854432424833555082e+00
-1.854360092110384661e+00
-1.854316558385650904e+00
-1.854205266273344588e+00
-1.854218854076111089e+00
-1.853857991882305711e+00
-1.854051188472271461e+00
-1.853732118427095843e+00
-1.853692024964108009e+00
-1.853820015251816278e+00
-1.853777314011835209e+00
-1.853893847769699343e+00
-1.853640447767537225e+00
-1.853689969413748084e+00
-1.853756088853257156e+00
-1.853736505645713795e+00
-1.853731304157114623e+00
-1.853710594448350513e+00
-1.854643984934618572e+00
-1.854555847718212025e+00
-1.851437310567839889e+00
-1.852853753777384593e+00
-1.852087416568834355e+00
-1.852096820444127045e+00
-1.852102163205409546e+00
-1.852333406028660034e+00
-1.852164101767181048e+00
-1.852497130360744038e+00
-1.854027009071568033e+00
-1.854071573388606620e+00
-1.855335643392466149e+00
-1.855134795653322843e+00
-1.853682385337458438e+00
-1.852774325067767514e+00
-1.853220159681136181e+00
-1.853281503617895343e+00
-1.852676689128227583e+00
-1.851780261134036154e+00
-1.851853591336060090e+00
-1.852072386931500114e+00
-1.852199772375838771e+00
-1.851986022911312979e+00
-1.853735231390673643e+00
-1.851703658709519917e+00
-1.850345404734828225e+00
-1.850448897238711421e+00
-1.853213304880985568e+00
-1.853190642369653363e+00
-1.853187838840588242e+00
-1.853500673602299198e+00
-1.853373099051575990e+00
-1.853669065519763626e+00
-1.861785068025465506e+00
-1.857903587335847373e+00
-1.857915103961174097e+00
-1.855613207659382979e+00
-1.849759224808169567e+00
-1.849314317987643452e+00
-1.850103296793411456e+00
-1.849558281835654849e+00
-1.849722564694560312e+00
-1.849730710478891149e+00
-1.849738335136816403e+00
-1.851574933296209036e+00
-1.851097227254395516e+00
-1.849890322317726321e+00
-1.848491818867708414e+00
-1.848252735527191160e+00
-1.849695924648603329e+00
-1.850022919179435732e+00
-1.850531429903882419e+00
-1.850500998820769905e+00
-1.850880415859241790e+00
-1.851522303144860881e+00
-1.852214878182691926e+00
-1.852912449725397259e+00
-1.850230760729698165e+00
-1.850184218169118600e+00
-1.850746886264044377e+00
-1.849927328949871885e+00
-1.848567124520712035e+00
-1.848682385726724275e+00
-1.849096307692709162e+00
-1.848768258487249128e+00
-1.848974395181322228e+00
-1.849158663922316759e+00
-1.849553848107536425e+00
-1.849038445728310887e+00
-1.849037491915600739e+00
-1.851883558461312251e+00
-1.851962140678556690e+00
-1.852015401947734397e+00
-1.852037906553506863e+00
-1.852049848108231700e+00
-1.852055608482937377e+00
-1.852188547539018071e+00
-1.852206944021209001e+00
-1.853500122167443198e+00
-1.853635070447522626e+00
-1.853651091211216961e+00
-1.853698606849059738e+00
-1.853859494710305533e+00
-1.854713593519410342e+00
-1.854942842692198335e+00
-1.855002362148917783e+00
-1.855057902064853437e+00
-1.856383278065274922e+00
-1.856683401578045345e+00
-1.856822222360500652e+00
-1.856956816792785014e+00
-1.857214671426072439e+00
-1.857580504497982288e+00
-1.857159384588505269e+00
-1.857148798104399923e+00
-1.857345218091774441e+00
-1.858215216870379161e+00
-1.857321865329712551e+00
-1.858125100626489168e+00
-1.856866603638131608e+00
-1.848218333060393626e+00
-1.852553806854042806e+00
-1.856103180992131119e+00
-1.856177883405513152e+00
-1.856176309531224478e+00
-1.856191350822002040e+00
-1.856734826485336054e+00
-1.855607409177382205e+00
-1.855638223544047838e+00
-1.855523245682724642e+00
-1.855515901949691404e+00
-1.855574078745435562e+00
-1.855535251905146010e+00
-1.855726653600766607e+00
-1.855693134847928194e+00
-1.855684641783836852e+00
-1.855679170794457988e+00
-1.855743346263915239e+00
-1.855802302318674268e+00
-1.855376454372434480e+00
-1.855635120342435496e+00
-1.854925728955591380e+00
-1.854925693727148328e+00
-1.855003802784271016e+00
-1.855015921105747534e+00
-1.855018995609363897e+00
-1.855083622810720811e+00
-1.855151335455581751e+00
-1.855156241147349006e+00
-1.855162364091042848e+00
-1.855193171599485602e+00
-1.855168755569223116e+00
-1.855173266366633378e+00
-1.855180627582649233e+00
-1.855469727273658886e+00
-1.855470571371090838e+00
-1.855477582987247853e+00
-1.855477568293327773e+00
-1.855501488308087588e+00
-1.855503565693640722e+00
-1.855620038985003273e+00
-1.855606290979004314e+00
-1.855611349375586361e+00
-1.855604768841461194e+00
-1.855698604483986047e+00
-1.855722188303690734e+00
-1.855829323142339282e+00
-1.855766232984730646e+00
-1.855769991998865054e+00
-1.855673114692236281e+00
-1.855677309449718759e+00
-1.855264406366486707e+00
-1.855377736631777408e+00
-1.855380205871592025e+00
-1.853949072383177743e+00
-1.853884803827453576e+00
-1.854322398533907457e+00
-1.854344802469083175e+00
-1.854725616562484358e+00
-1.854726242616734799e+00
-1.854648678830460140e+00
-1.854385918085399876e+00
-1.854516396961355618e+00
-1.854455831706717017e+00
-1.854959610485903410e+00
-1.853963067721946523e+00
-1.854012632631217183e+00
-1.854356218395712963e+00
-1.854637347625810007e+00
-1.855028577725005068e+00
-1.857504317074227140e+00
-1.858479127319958568e+00
-1.859258331143914589e+00
-1.859620666503794872e+00
-1.861339628254952583e+00
-1.861974263813950481e+00
-1.862293819805720840e+00
-1.862363590973044047e+00
-1.862384521052502961e+00
-1.862383754180813922e+00
-1.862386855157158738e+00
-1.862467635448753267e+00
-1.862561899542404031e+00
-1.862575510899401987e+00
-1.862621136970470381e+00
-1.862623432718314209e+00
-1.862637144292563995e+00
-1.862627239145126623e+00
-1.862633373511514367e+00
-1.862642136460300968e+00
-1.862640192465735423e+00
-1.862657452812792158e+00
-1.862671611363263535e+00
-1.862690688067397904e+00
-1.862688958279210105e+00
-1.862691584963664715e+00
-1.862698657535664992e+00
-1.862692655526637875e+00
-1.862700842308297355e+00
-1.862694519967834195e+00
-1.862715902483021768e+00
-1.862723758124001039e+00
-1.862738311131339808e+00
-1.862743193241562345e+00
-1.862745098761074081e+00
-1.862874705098670258e+00
-1.862874705098108707e+00
-1.862745098761102280e+00
-1.862743193241627626e+00
-1.862738311114617851e+00
-1.862723758133985719e+00
-1.862715902495516884e+00
-1.862694519966872964e+00
-1.862700842301916015e+00
-1.862692725490602719e+00
-1.862694356953145558e+00
-1.862691584963729996e+00
-1.862688958280860785e+00
-1.862672512151535065e+00
-1.862668816024603657e+00
-1.862657452812238379e+00
-1.862640264470687201e+00
-1.862637230579340164e+00
-1.862633733209815290e+00
-1.862627239147468527e+00
-1.862637144297352165e+00
-1.862623432718409688e+00
-1.862621136971633007e+00
-1.862575510899073583e+00
-1.862561899540283950e+00
-1.862467635373787678e+00
-1.862386855149403830e+00
-1.862383754205934716e+00
-1.862384521049052610e+00
-1.862363590972513361e+00
-1.862293819815115548e+00
-1.861974263796758011e+00
-1.861339628255329393e+00
-1.859620666500747088e+00
-1.859258331137829678e+00
-1.858479127328229064e+00
-1.857504317066399846e+00
-1.854816346403116212e+00
-1.854637347021937499e+00
-1.854356218397470668e+00
-1.854007178726963634e+00
-1.853963067802752107e+00
-1.854959610557461058e+00
-1.854455831713795577e+00
-1.854516396560217384e+00
-1.854385913320496071e+00
-1.854648645913291372e+00
-1.854726168209318793e+00
-1.854424719821986756e+00
-1.854344798410846540e+00
-1.853903714861617535e+00
-1.853884800640688280e+00
-1.852847461429979248e+00
-1.855380178463292173e+00
-1.855377738704685031e+00
-1.855264305172154238e+00
-1.855677309173523248e+00
-1.855673089935175657e+00
-1.855769990278265613e+00
-1.855766213653692098e+00
-1.855829323730181057e+00
-1.855722188292981301e+00
-1.855698594068250440e+00
-1.855604800642385754e+00
-1.855611349384054920e+00
-1.855606290858012875e+00
-1.855620039427154921e+00
-1.855503565687021350e+00
-1.855501486757985541e+00
-1.855477807395078838e+00
-1.855477582981134077e+00
-1.855470589641327939e+00
-1.855469727261306767e+00
-1.855180627578011165e+00
-1.855173266366728635e+00
-1.855167848274182685e+00
-1.855193171630369786e+00
-1.855162364085251703e+00
-1.855156241204809930e+00
-1.855151335340398333e+00
-1.855083622824122092e+00
-1.855018995607352394e+00
-1.854990538947123069e+00
-1.855003802763363741e+00
-1.854925693729402747e+00
-1.854925728829773357e+00
-1.855635122114318580e+00
-1.855376454732068359e+00
-1.855802301358469908e+00
-1.855743346330192889e+00
-1.855679170799947153e+00
-1.855684641698350124e+00
-1.855599373977566247e+00
-1.855726720068782587e+00
-1.855535178329033918e+00
-1.855573985092157319e+00
-1.855516039779051329e+00
-1.855523245077246530e+00
-1.855662054119380233e+00
-1.855602433134039497e+00
-1.856974621603950437e+00
-1.856191465649410066e+00
-1.856175713844067099e+00
-1.856177180638091784e+00
-1.856401547003012409e+00
-1.852555173400318944e+00
-1.848193491535839783e+00
-1.856867787583063478e+00
-1.858118255420276643e+00
-1.857330885230313866e+00
-1.858215216232843359e+00
-1.857344781581179660e+00
-1.857148629738135881e+00
-1.857159384408340941e+00
-1.857580497510159079e+00
-1.857214671434098241e+00
-1.856956814866830729e+00
-1.856684488713076009e+00
-1.856386454455988710e+00
-1.856383277926150877e+00
-1.855057899221087325e+00
-1.855002362161365825e+00
-1.854942842695058935e+00
-1.854713593289891493e+00
-1.853859493700076744e+00
-1.853698606868347865e+00
-1.853651091195664957e+00
-1.853635070246328453e+00
-1.853500115973564455e+00
-1.852206944015954759e+00
-1.852188547539078023e+00
-1.852046405361895687e+00
-1.852049848139775801e+00
-1.852037906553363644e+00
-1.852015401966330410e+00
-1.851962140737623663e+00
-1.851883558447370737e+00
-1.849037491931437183e+00
-1.848832485427332584e+00
-1.848826113495053436e+00
-1.848262489644359796e+00
-1.848265192315338368e+00
-1.848295977555933778e+00
-1.848976121678195250e+00
-1.849160279415052566e+00
-1.849462724235875655e+00
-1.850363201517299050e+00
-1.850746421799315922e+00
-1.850184195476060722e+00
-1.850964503409218365e+00
-1.852912443918794505e+00
-1.852208991126236270e+00
-1.850591211308696860e+00
-1.850487076573462675e+00
-1.850339539882687179e+00
-1.850531433730936648e+00
-1.850539150710210690e+00
-1.849695924683555592e+00
-1.851338461122210566e+00
-1.850232064428475098e+00
-1.850237723826927194e+00
-1.851980789366319602e+00
-1.853115455392540412e+00
-1.853039690520798644e+00
-1.853442456777207648e+00
-1.853432846015067970e+00
-1.853436483018551684e+00
-1.853470679201617344e+00
-1.853537359567954290e+00
-1.853413727253425680e+00
-1.857267735435453870e+00
-1.858448168919917709e+00
-1.858616308490148805e+00
-1.863025012873281483e+00
-1.853838730961936188e+00
-1.854012633172665847e+00
-1.854166835588764384e+00
-1.854121071773882523e+00
-1.854123838084616782e+00
-1.854124814859446690e+00
-1.851238153006570464e+00
-1.851327333258937502e+00
-1.852134234372144306e+00
-1.854505981446942009e+00
-1.853990298492302013e+00
-1.854661048681773394e+00
-1.854039145972468106e+00
-1.852477752925428156e+00
-1.852444024417235102e+00
-1.852956790136729870e+00
-1.853157930071729353e+00
-1.853348936428928839e+00
-1.853415975312736386e+00
-1.854366907712668988e+00
-1.857215535499882719e+00
-1.856792188665197685e+00
-1.857106837603778260e+00
-1.857008699024505827e+00
-1.850422385706541384e+00
-1.849922140539803417e+00
-1.850045724814241677e+00
-1.850026100594356127e+00
-1.850031983856434081e+00
-1.850017656883013339e+00
-1.850453129930328178e+00
-1.850461801568980214e+00
-1.851341507149680599e+00
-1.851385600928119768e+00
-1.851369873831426371e+00
-1.851379547287515415e+00
-1.851383715227007176e+00
-1.851404009339248979e+00
-1.851479777859266207e+00
-1.851490072010345767e+00
-1.851763648130252182e+00
-1.852011465937327461e+00
-1.852128901185192023e+00
-1.852185372851280487e+00
-1.852311041673096570e+00
-1.852394930440877552e+00
-1.852417156123770559e+00
-1.852546147302092328e+00
-1.852554021411079832e+00
-1.852565057508446245e+00
-1.852699894195311892e+00
-1.852925353891408999e+00
-1.852929017338867723e+00
-1.853777677534595547e+00
-1.853788529901139182e+00
-1.853790151026902810e+00
-1.853787357205980868e+00
-1.853825435215636031e+00
-1.853864243350867635e+00
-1.853864546672455926e+00
-1.853917696939475501e+00
-1.854233277359470744e+00
-1.854049483845265467e+00
-1.854038862031536894e+00
-1.854048151701057856e+00
-1.854085719935778975e+00
-1.854090702233028409e+00
-1.854121147288092519e+00
-1.854124487900542739e+00
-1.854124900300402556e+00
-1.854126565128652704e+00
-1.854220483129703556e+00
-1.854190673331886696e+00
-1.854140522794112345e+00
-1.854018183734061020e+00
-1.854024526581746324e+00
-1.854259600150806708e+00
-1.854033858750588903e+00
-1.854032745556248418e+00
-1.854045239619601659e+00
-1.854189644397614689e+00
-1.854367503178242949e+00
-1.854368135110378235e+00
