-1.422201208086976365e+00
-1.422347295043285165e+00
-1.422390743583631378e+00
-1.422411367905438651e+00
-1.424246387316604023e+00
-1.425416058675467390e+00
-1.425771383364347056e+00
-1.426557328705980066e+00
-1.426273004327651917e+00
-1.426310321896086197e+00
-1.453102847928955166e+00
-1.463587006616071218e+00
-1.463639006253781849e+00
-1.464269706885486633e+00
-1.464291188833079627e+00
-1.467842339235412297e+00
-1.468011332648307743e+00
-1.468254349181783436e+00
-1.468369954161824698e+00
-1.468602636818810758e+00
-1.469074102012087657e+00
-1.469184654958693548e+00
-1.469600405914586849e+00
-1.469649581656153892e+00
-1.469683699698751456e+00
-1.470213761526093732e+00
-1.470448512380897466e+00
-1.470618498973432997e+00
-1.470976935082771941e+00
-1.473409292863182118e+00
-1.473408137303826138e+00
-1.473689852885924578e+00
-1.474268824493620178e+00
-1.475427410509604131e+00
-1.475946046555586477e+00
-1.477044557172111361e+00
-1.477326601851337795e+00
-1.478551346558526269e+00
-1.478613902376394007e+00
-1.479304442212721726e+00
-1.484777618443278158e+00
-1.484810640051527075e+00
-1.485375439013239651e+00
-1.485392705701157334e+00
-1.485630719196751048e+00
-1.485791475699812070e+00
-1.485982077820558578e+00
-1.486153790284921339e+00
-1.486694364539631552e+00
-1.488085940385691863e+00
-1.499412032970505404e+00
-1.500862708411389690e+00
-1.579829550171992114e+00
-1.684032508900026759e+00
-1.684034282755500600e+00
-1.684033732779098180e+00
-1.685054877387800909e+00
-1.687392949250214436e+00
-1.695700165418005945e+00
-1.690554899723444304e+00
-1.690926692589101554e+00
-1.697731132937601028e+00
-1.703089727722026048e+00
-1.707668976191026422e+00
-1.705348893913761543e+00
-1.718519249046100761e+00
-1.718958452604746778e+00
-1.719454785469441749e+00
-1.720071204322300762e+00
-1.721022819998785369e+00
-1.733377678314237613e+00
-1.746526448950080024e+00
-1.746661920671432888e+00
-1.751142869828323345e+00
-1.751544958494123616e+00
-1.751771782504171648e+00
-1.772425656830931784e+00
-1.772463086149671518e+00
-1.772783962219096399e+00
-1.772786798994584467e+00
-1.774031679205743339e+00
-1.826228242213097985e+00
-1.825623167052628837e+00
-1.827498293173234423e+00
-1.839104684736820428e+00
-1.839805671033817980e+00
-1.839460800828708109e+00
-1.839563359409259080e+00
-1.839432058319208085e+00
-1.839785927736195426e+00
-1.839764717986081211e+00
-1.839986408776078441e+00
-1.839970450477238284e+00
-1.839978186190107667e+00
-1.840092971819620615e+00
-1.841592391289302411e+00
-1.841821757811998861e+00
-1.848258386671254971e+00
-1.848719823257619854e+00
-1.851495380208123986e+00
-1.851533630104247319e+00
-1.851886988444603421e+00
-1.850696750904300414e+00
-1.850689964735877213e+00
-1.850844855031024139e+00
-1.850397574182836458e+00
-1.846846951531329939e+00
-1.847885002970171664e+00
-1.841487589569407390e+00
-1.841996031932170208e+00
-1.845095065090725406e+00
-1.843702365051739012e+00
-1.843874396581757225e+00
-1.843659283613172217e+00
-1.843333655783639946e+00
-1.843589066005657306e+00
-1.845317247663466054e+00
-1.848973259041949868e+00
-1.849167722514531764e+00
-1.848923196589390194e+00
-1.849017326220448787e+00
-1.849334301899451471e+00
-1.849274955620906269e+00
-1.849341591530576645e+00
-1.849346983524673416e+00
-1.849353120384601201e+00
-1.849481652443611512e+00
-1.849644248526208123e+00
-1.849998474680504490e+00
-1.850046693446941948e+00
-1.850119920633131798e+00
-1.850172175566589194e+00
-1.850227925241136662e+00
-1.850656288544157535e+00
-1.850852755294057461e+00
-1.850782487310856927e+00
-1.850819713353508700e+00
-1.854072905321269449e+00
-1.854320247051447712e+00
-1.854355522338467788e+00
-1.854763446618490796e+00
-1.854757561589133630e+00
-1.855055730775821310e+00
-1.855152326658619621e+00
-1.855119495994414169e+00
-1.855511929566519225e+00
-1.856171276570380169e+00
-1.856209415575069688e+00
-1.856259026309221571e+00
-1.856537199344766575e+00
-1.856579151127335514e+00
-1.856620355265600208e+00
-1.856940021516462647e+00
-1.857006390846703159e+00
-1.857019368312788021e+00
-1.857037278204654251e+00
-1.857179372309085474e+00
-1.857330315240784735e+00
-1.857648774430375127e+00
-1.857648786833985710e+00
-1.857653645306595713e+00
-1.858058226124298606e+00
-1.858142050094072850e+00
-1.858143064179032411e+00
-1.858307621292757617e+00
-1.858443593224956780e+00
-1.858459053945220596e+00
-1.858467550173923399e+00
-1.858484340806727753e+00
-1.858488257840826829e+00
-1.858580329368753059e+00
-1.858620902297260180e+00
-1.858676623501567260e+00
-1.858717818271542699e+00
-1.858772829391983628e+00
-1.858819642959942176e+00
-1.858818870039702364e+00
-1.858817090678861472e+00
-1.858735971874357462e+00
-1.858195916209079757e+00
-1.858071091977488543e+00
-1.858104411457791150e+00
-1.858094633443983179e+00
-1.858089941563983771e+00
-1.858379194058344730e+00
-1.858413795756945097e+00
-1.858415625381339753e+00
-1.858416940281327756e+00
-1.858440494186637482e+00
-1.858440528902931765e+00
-1.858474926595433008e+00
-1.858469225507652700e+00
-1.858474386725406324e+00
-1.858484558923625629e+00
-1.858485437628886627e+00
-1.858544906777888306e+00
-1.858569904747008117e+00
-1.858370895387016830e+00
-1.858387359045989395e+00
-1.858315796604165904e+00
-1.858473244557147019e+00
-1.858547903641842414e+00
-1.858458748300834573e+00
-1.858471930334038458e+00
-1.858497625713442458e+00
-1.858510260110618928e+00
-1.857870485047539599e+00
-1.857941117255820007e+00
-1.857964327279381322e+00
-1.857923347422721472e+00
-1.857909473289978131e+00
-1.857912108471455381e+00
-1.857931027992472339e+00
-1.858105231258183387e+00
-1.859070523049031642e+00
-1.859189498649236771e+00
-1.859156012921491463e+00
-1.859531574135779186e+00
-1.859832527513154643e+00
-1.860050649576613813e+00
-1.861605832272021699e+00
-1.862966121467250824e+00
-1.863699475019827467e+00
-1.863930520038127092e+00
-1.864693631100200921e+00
-1.864881659485245757e+00
-1.865041843734075000e+00
-1.865206612643868445e+00
-1.865156981413875759e+00
-1.862592907329417180e+00
-1.857755963335448346e+00
-1.863791170038730627e+00
-1.852475310513235440e+00
-1.852248846903199242e+00
-1.852414526146788365e+00
-1.852542936077350877e+00
-1.852544514185688662e+00
-1.849172353371021149e+00
-1.850540859906429692e+00
-1.851128362727798127e+00
-1.851126653228371222e+00
-1.851478397207729554e+00
-1.851488516136063245e+00
-1.851496838026729153e+00
-1.851718491162865465e+00
-1.851839987367687623e+00
-1.851882276896578139e+00
-1.851875616482715925e+00
-1.851912928894573707e+00
-1.851987572070640908e+00
-1.852002593494953109e+00
-1.852066478197882393e+00
-1.852066612456090944e+00
-1.852069031272123745e+00
-1.852078024955541080e+00
-1.852123572786756212e+00
-1.852123572787053085e+00
-1.852078024963832670e+00
-1.852069031272147726e+00
-1.852066612424684067e+00
-1.852066478174051234e+00
-1.852002593494116223e+00
-1.851987572070491472e+00
-1.851912928894887900e+00
-1.851875619722139987e+00
-1.851882276896618107e+00
-1.851839987368466112e+00
-1.851718491162931857e+00
-1.851490534432129076e+00
-1.851488516134513818e+00
-1.851478397205966964e+00
-1.851126655496640350e+00
-1.851128362747137324e+00
-1.850335111925035081e+00
-1.849172239611915458e+00
-1.852551472344882377e+00
-1.852671063365125548e+00
-1.852414329926080017e+00
-1.852248717623429908e+00
-1.852475280973621130e+00
-1.863842246397258595e+00
-1.857757537997227759e+00
-1.862593140647829326e+00
-1.865156927530341235e+00
-1.865207220872333593e+00
-1.865041811123713700e+00
-1.864881658584025326e+00
-1.864693631128131912e+00
-1.863930804818211717e+00
-1.863020488118073636e+00
-1.862966121424424415e+00
-1.861605832227109847e+00
-1.860054496039085459e+00
-1.859832527531819046e+00
-1.859531574119813291e+00
-1.859156012906670430e+00
-1.859189498799995732e+00
-1.859070523006428388e+00
-1.858105231267009883e+00
-1.857931027992150153e+00
-1.857912100913606590e+00
-1.857909473289948599e+00
-1.857923347920338530e+00
-1.857964327441538943e+00
-1.857941117188997682e+00
-1.857870484326038074e+00
-1.858510268367366436e+00
-1.858497625788002594e+00
-1.858471930591589771e+00
-1.858458747475594031e+00
-1.858547904102634707e+00
-1.858473244583834116e+00
-1.858315818250098950e+00
-1.858387358870569717e+00
-1.858370909049373854e+00
-1.858569905130649014e+00
-1.858544906788611284e+00
-1.858485437628652814e+00
-1.858484558923621188e+00
-1.858474386725340599e+00
-1.858469225651585344e+00
-1.858474926655058201e+00
-1.858440528892746801e+00
-1.858440494187474146e+00
-1.858416569695970910e+00
-1.858415625380653191e+00
-1.858414141808437225e+00
-1.858379194070460372e+00
-1.858089941564521563e+00
-1.858094659823700479e+00
-1.858104418252445766e+00
-1.858071161880387567e+00
-1.858195918210705733e+00
-1.858735961284128546e+00
-1.858817090704385055e+00
-1.858818870164234749e+00
-1.858819642620945567e+00
-1.858772829345923583e+00
-1.858717818270921862e+00
-1.858676623494337043e+00
-1.858620902325052393e+00
-1.858580329283507471e+00
-1.858488257832379142e+00
-1.858484340805920176e+00
-1.858467550165517235e+00
-1.858459053945471284e+00
-1.858443593212274036e+00
-1.858307621292295320e+00
-1.858143064179247794e+00
-1.858142050094119480e+00
-1.858058226124304602e+00
-1.857653645284780719e+00
-1.857648786830002896e+00
-1.857648774429131899e+00
-1.857330315241208840e+00
-1.857179372308177312e+00
-1.857037278203845565e+00
-1.857019368311920715e+00
-1.857006390891123182e+00
-1.856940021515233630e+00
-1.856620355279439138e+00
-1.856579151127341731e+00
-1.856537199345099420e+00
-1.856259027014572904e+00
-1.856209415569169741e+00
-1.856171276568806761e+00
-1.855511929590843767e+00
-1.855119495990376510e+00
-1.855152326665675089e+00
-1.855055729259417641e+00
-1.854757561586720671e+00
-1.854763446617662348e+00
-1.854355522337752138e+00
-1.854320247051569837e+00
-1.854072905335323096e+00
-1.850819713304944214e+00
-1.850782487307644386e+00
-1.850852755290958385e+00
-1.850656288544126227e+00
-1.850227925244346316e+00
-1.850172175568784105e+00
-1.850119920618303437e+00
-1.850046693449191926e+00
-1.849998474622533307e+00
-1.849644248527170687e+00
-1.849481652443609292e+00
-1.849353120387440708e+00
-1.849346983525891552e+00
-1.849341591530579532e+00
-1.849274955608864568e+00
-1.849334301892025190e+00
-1.849017326237846870e+00
-1.848923191799570542e+00
-1.849167722582152340e+00
-1.848973259041744477e+00
-1.848996268734558246e+00
-1.848928665953521566e+00
-1.848920608522989895e+00
-1.849262380129833794e+00
-1.849744673490796298e+00
-1.849768281378551649e+00
-1.850638522449616907e+00
-1.849884072242079069e+00
-1.849944396788137269e+00
-1.851700443485762015e+00
-1.851737273906804315e+00
-1.850390911519997683e+00
-1.850796170905995686e+00
-1.850687732404230790e+00
-1.850696699412174073e+00
-1.851886985980179645e+00
-1.851533706257243894e+00
-1.851758258073995966e+00
-1.848720739204452901e+00
-1.848258387230933719e+00
-1.848598677457224504e+00
-1.850068570603709883e+00
-1.849225563880411816e+00
-1.849061127894443990e+00
-1.849081104737832382e+00
-1.849388517908018947e+00
-1.849713672423463962e+00
-1.849684810776933253e+00
-1.850398423413980975e+00
-1.850385526169752159e+00
-1.850457544291744805e+00
-1.850694227236526768e+00
-1.851427237413061366e+00
-1.858763842176417658e+00
-1.849565458984315569e+00
-1.849893253518124947e+00
-1.850390556548030307e+00
-1.850378462030208171e+00
-1.850390394733014698e+00
-1.850721221225442914e+00
-1.853121793608663914e+00
-1.852773224296217824e+00
-1.853542225190512482e+00
-1.854188811047307484e+00
-1.851576368632714908e+00
-1.852766129254695304e+00
-1.849706945540249947e+00
-1.848903047870618099e+00
-1.848997408060461645e+00
-1.849460163723578132e+00
-1.849871094300798324e+00
-1.850078519829092549e+00
-1.850523568590881407e+00
-1.850227825634144674e+00
-1.854424362491928768e+00
-1.850125087779744826e+00
-1.850257683234920902e+00
-1.850368295605544278e+00
-1.850315769943328803e+00
-1.850393912475273295e+00
-1.850643280578719851e+00
-1.850201337094204312e+00
-1.850225975282395297e+00
-1.852595018941007421e+00
-1.848126501238016584e+00
-1.848293680476863710e+00
-1.847472164489570190e+00
-1.847831326440272814e+00
-1.848617204462976726e+00
-1.847714199361496945e+00
-1.847717723890154762e+00
-1.847716359526141439e+00
-1.847913883866219686e+00
-1.847910875140312825e+00
-1.848543310137053197e+00
-1.848367130732957886e+00
-1.848371536516957292e+00
-1.848441679305587781e+00
-1.848936847105708825e+00
-1.848761134816196083e+00
-1.848615301992779347e+00
-1.848782852580457270e+00
-1.848758216600997484e+00
-1.848826696248917045e+00
-1.848829007439128480e+00
-1.849666408743386725e+00
-1.849467078276453513e+00
-1.850321131232747440e+00
-1.850320551651468914e+00
-1.850325172298391996e+00
-1.850326765880954349e+00
-1.850350160453084314e+00
-1.850548366259356037e+00
-1.850435225780937554e+00
-1.850457519763140102e+00
-1.850871917155254787e+00
-1.850985137059290242e+00
-1.850991369165905898e+00
-1.851008062121533237e+00
-1.851020862994177785e+00
-1.851129870783047249e+00
-1.851170390553070311e+00
-1.851254313744133295e+00
-1.851171500940230086e+00
-1.851181480524623169e+00
-1.851441981054584796e+00
-1.851518558902433220e+00
-1.851440215475006923e+00
-1.851476230692585379e+00
-1.851479828121525451e+00
-1.851794940400715017e+00
-1.851828575761150120e+00
-1.851837054977623742e+00
-1.851873831991678765e+00
-1.851854496699310904e+00
-1.851946137294842476e+00
-1.851922932535754684e+00
-1.851117257550819684e+00
-1.851116240688898795e+00
-1.851030533509296472e+00
-1.851026444941953120e+00
-1.851110868299095102e+00
-1.851129081414121691e+00
-1.851125638693141173e+00
-1.850930165217928636e+00
-1.850926676933737358e+00
-1.850926470086653008e+00
-1.850969663475612315e+00
-1.850657428367177726e+00
-1.850421378987028076e+00
-1.850416873368833315e+00
-1.850409441974048219e+00
-1.850400874335534240e+00
-1.850357284608842523e+00
-1.850348148722694708e+00
-1.850270716866685650e+00
-1.850258349143346859e+00
-1.850169175669243327e+00
-1.850149500981628670e+00
-1.849735249845173568e+00
-1.849675769714824280e+00
-1.849675739496140725e+00
-1.849569523639063462e+00
-1.849553628599772681e+00
-1.849531521146581259e+00
-1.849532514840718234e+00
-1.849552246923918730e+00
-1.849667568816830254e+00
-1.850238779716255388e+00
-1.850113096127268042e+00
-1.850209615759885962e+00
-1.850202824154287384e+00
-1.850232029857741045e+00
-1.850208946509057206e+00
-1.850442084027496215e+00
-1.850936443381784535e+00
-1.850909041074349393e+00
-1.850866052556135566e+00
-1.851201462986839186e+00
-1.850821897574573605e+00
-1.850447645058751700e+00
-1.850471531444441764e+00
-1.850461326536664508e+00
-1.850466577112144240e+00
-1.850466455569678814e+00
-1.850880357444693480e+00
-1.850991124183508862e+00
-1.851086512940303130e+00
-1.851651486418949055e+00
-1.851669817443744037e+00
-1.853903434992449473e+00
-1.853072336857000568e+00
-1.853066376011514027e+00
-1.853365302805693560e+00
-1.853663987661918089e+00
-1.853951730104655304e+00
-1.853935324962527220e+00
-1.853843051590196245e+00
-1.853931173263290155e+00
-1.858092267843878265e+00
-1.858125910613436016e+00
-1.858845797563017044e+00
-1.858910952542002004e+00
-1.858773208910378782e+00
-1.858727821707669703e+00
-1.858417222291099513e+00
-1.858470530514177543e+00
-1.859054920281602907e+00
-1.859843188139116865e+00
-1.859550125348380600e+00
-1.860479579536055805e+00
-1.860329586212477126e+00
-1.860168377286762098e+00
-1.861370139230617893e+00
-1.858997895844752613e+00
-1.858825768901789743e+00
-1.858825873095073744e+00
-1.858875166884992325e+00
-1.858814968392846989e+00
-1.859069378518626747e+00
-1.866909794751469009e+00
-1.858989878676704510e+00
-1.859319444321983150e+00
-1.859741478965515782e+00
-1.859443910685802503e+00
-1.859499676173992810e+00
-1.859599140702862030e+00
-1.859774677329832038e+00
-1.859677618322040260e+00
-1.859674624086262718e+00
-1.859981483931135937e+00
-1.859940733700114812e+00
-1.860218354185221745e+00
-1.860538078564824893e+00
-1.859752025002293419e+00
-1.859402384880179504e+00
-1.862296736086887616e+00
-1.862284788003847558e+00
-1.862899967746193708e+00
-1.862934049578960582e+00
-1.863208631504324142e+00
-1.863501768908858880e+00
-1.863708159722696101e+00
-1.866095445290963273e+00
-1.866084854195555476e+00
-1.866023225249987538e+00
-1.865927117571400728e+00
-1.865948966510070806e+00
-1.866240674481305373e+00
-1.866304102292878575e+00
-1.866213263239107523e+00
-1.866186877203698469e+00
-1.866191462170559090e+00
-1.866120140484002210e+00
-1.866095787559139962e+00
-1.866149616349001672e+00
-1.866363018135271945e+00
-1.866415040541186787e+00
-1.866489832653137615e+00
-1.866493532417822898e+00
-1.866633342309922394e+00
-1.866641828581899976e+00
-1.866642977109589374e+00
-1.866814441858557938e+00
-1.866944055913241973e+00
-1.867469315072930902e+00
-1.867463077181126918e+00
-1.867485066610452105e+00
-1.867544717694908263e+00
-1.867569614749255091e+00
-1.868168587354607446e+00
-1.868329631065554164e+00
-1.868300180195714644e+00
-1.868332095505147450e+00
-1.869044738724318311e+00
-1.869258838483046414e+00
-1.869264483001398025e+00
-1.869524962529524714e+00
-1.869549368088518682e+00
-1.869923954191933024e+00
-1.869965220059228717e+00
-1.869948203470215287e+00
-1.870248773886877380e+00
-1.870881114998464767e+00
-1.870896901369861087e+00
-1.870994148307267846e+00
-1.871134319515978195e+00
-1.871204858582837804e+00
-1.871221826837498270e+00
-1.871539701060814576e+00
-1.871540806606327489e+00
-1.871558937803821543e+00
-1.871576322028806416e+00
-1.871694799455836611e+00
-1.871782967256976793e+00
-1.871660050197262670e+00
-1.871643593858224541e+00
-1.871674788374686482e+00
-1.872007702082068459e+00
-1.872140213036467937e+00
-1.872157791699413210e+00
-1.872253160736233379e+00
-1.872318727738382815e+00
-1.872348084445524030e+00
-1.872350867382612583e+00
-1.872367822241047364e+00
-1.872376694676871178e+00
-1.872444985194320566e+00
-1.872444598689294804e+00
-1.872498793870326139e+00
-1.872536350752397549e+00
-1.872246672397226641e+00
-1.872245032319767688e+00
-1.872290674801066812e+00
-1.872297220057015377e+00
-1.872299679740557554e+00
-1.872320844904652226e+00
-1.872435157138514494e+00
-1.872450513206859846e+00
-1.872464534892644306e+00
-1.872470397303358514e+00
-1.872610591413128356e+00
-1.872610941934183870e+00
-1.872650802202342257e+00
-1.872651324138492779e+00
-1.872654606138140831e+00
-1.872658315751400071e+00
-1.872673085621202382e+00
-1.872673377124673078e+00
-1.872690276066068860e+00
-1.872736727565156967e+00
-1.872736747575898919e+00
-1.872749283095855866e+00
-1.872791805589267167e+00
-1.872793060685371103e+00
-1.872859145889395283e+00
-1.872862923113172817e+00
-1.872873570903736073e+00
-1.872893727106703654e+00
-1.872923942448844858e+00
-1.872922504780654362e+00
-1.872924349058318505e+00
-1.872921260815417321e+00
-1.872946937483929597e+00
-1.872911315521389231e+00
-1.872932293106543966e+00
-1.872947969739781282e+00
-1.872908843250158384e+00
-1.872769510683322203e+00
-1.872779264551913458e+00
-1.872935330629700745e+00
-1.873531809747373877e+00
-1.873644357871881994e+00
-1.873702398086768639e+00
-1.873834402565677681e+00
-1.874028094017463619e+00
-1.874228456874894810e+00
-1.874732585429590870e+00
-1.876411109974257752e+00
-1.875783460202124386e+00
-1.876248097882248445e+00
-1.876931327330494170e+00
-1.877213712434596893e+00
-1.877295954718823490e+00
-1.877368058735918499e+00
-1.877378856055028855e+00
-1.877345524362879825e+00
-1.877249573724301790e+00
-1.876826827342056525e+00
-1.876819927259423260e+00
-1.876853913968684839e+00
-1.876821593093658036e+00
-1.876813888505832306e+00
-1.876862761702976279e+00
-1.876862586400513511e+00
-1.876823100376037834e+00
-1.876832255186357656e+00
-1.876833113385259821e+00
-1.876912347906258383e+00
-1.876922929776057014e+00
-1.876924392748618331e+00
-1.876954275051722076e+00
-1.876507520211400770e+00
-1.876545928943706754e+00
-1.876544895044286232e+00
-1.876478792295372511e+00
-1.876679889794615530e+00
-1.876292571104635432e+00
-1.876307006693417101e+00
-1.875464227591207678e+00
-1.875464205852723332e+00
-1.875406894778154143e+00
-1.875438247820219395e+00
-1.875438248714311085e+00
-1.875406894907582167e+00
-1.875464207190872035e+00
-1.875464200457821251e+00
-1.876307007003306104e+00
-1.876292570610653243e+00
-1.876679889411597468e+00
-1.876478467964674435e+00
-1.876544874209418179e+00
-1.876545926621872917e+00
-1.876507620337659166e+00
-1.876954043242258008e+00
-1.876924321978684418e+00
-1.876922930191956329e+00
-1.876912347906086298e+00
-1.876833113485691040e+00
-1.876832255126073878e+00
-1.876823107687390024e+00
-1.876513574079457403e+00
-1.876813908358098582e+00
-1.876812683979371954e+00
-1.876821593075390204e+00
-1.876773957299521900e+00
-1.876819927389345555e+00
-1.876817323021480854e+00
-1.877249557845620309e+00
-1.877345428731683752e+00
-1.877378936733653525e+00
-1.877370119081257505e+00
-1.877295946522337555e+00
-1.877213790173980712e+00
-1.876931329028133533e+00
-1.876248568999677069e+00
-1.875785032102022409e+00
-1.875823888990065580e+00
-1.874732591004569127e+00
-1.874109408838450230e+00
-1.874028094016622070e+00
-1.873834402519934716e+00
-1.873702398188892282e+00
-1.873644357882539468e+00
-1.873531810796193575e+00
-1.872935329969509066e+00
-1.872779264424227597e+00
-1.872769509908219998e+00
-1.872908812643778731e+00
-1.872932230237890128e+00
-1.872932293282673744e+00
-1.872911285743837695e+00
-1.872946937440597148e+00
-1.872921260258580967e+00
-1.872924348964409846e+00
-1.872922504498315766e+00
-1.872923942343329706e+00
-1.872893726970382700e+00
-1.872873570903683449e+00
-1.872862923108054911e+00
-1.872859145869557818e+00
-1.872793060685108202e+00
-1.872791805628812867e+00
-1.872749283095917594e+00
-1.872736743394861847e+00
-1.872691999164802112e+00
-1.872690276049576941e+00
-1.872673377602302791e+00
-1.872673085621744171e+00
-1.872658315751569713e+00
-1.872654606138037359e+00
-1.872651299797412072e+00
-1.872650802195661379e+00
-1.872610968910093376e+00
-1.872610591410672765e+00
-1.872470397302336220e+00
-1.872464534892749333e+00
-1.872432031647385697e+00
-1.872435157178688581e+00
-1.872320844935422057e+00
-1.872299679741156853e+00
-1.872297220053462441e+00
-1.872290674801452948e+00
-1.872245032320468017e+00
-1.872246731125360775e+00
-1.872536350508732017e+00
-1.872498793915632120e+00
-1.872444598711030084e+00
-1.872444985254900107e+00
-1.872376694677746256e+00
-1.872367822240753821e+00
-1.872350867729846824e+00
-1.872348084435784710e+00
-1.872318727737400046e+00
-1.872253160738668543e+00
-1.872157791720396425e+00
-1.872140213031889155e+00
-1.872007702083199998e+00
-1.871674788373407061e+00
-1.871643593834643626e+00
-1.871660051435774852e+00
-1.871782968104231282e+00
-1.871694799950204047e+00
-1.871576322013189575e+00
-1.871558937806531375e+00
-1.871540806586344141e+00
-1.871539701056876392e+00
-1.871221826876205752e+00
-1.871204858581567043e+00
-1.871134319513023669e+00
-1.870994147722524925e+00
-1.870896901369761167e+00
-1.870881114998607764e+00
-1.870248773886902471e+00
-1.869948203470289894e+00
-1.869965220052517196e+00
-1.869923954385567688e+00
-1.869549368089298280e+00
-1.869524962528274603e+00
-1.869264483004281496e+00
-1.869258838484436414e+00
-1.869044738724692456e+00
-1.868332095773837853e+00
-1.868300180182257186e+00
-1.868329628809874743e+00
-1.868168587609685183e+00
-1.867569614778427090e+00
-1.867544717666080434e+00
-1.867485066345533795e+00
-1.867463077202337285e+00
-1.867469315060665824e+00
-1.866944055907265199e+00
-1.866814441859124596e+00
-1.866642893440403572e+00
-1.866641828582383145e+00
-1.866633342443736909e+00
-1.866493765199698451e+00
-1.866489805969321347e+00
-1.866415040352074950e+00
-1.866362974333048541e+00
-1.866149616285823543e+00
-1.866095784618606146e+00
-1.864847166215922059e+00
-1.864248388962982839e+00
-1.864196550978109990e+00
-1.864224471834305064e+00
-1.864320258125932162e+00
-1.864285277290368636e+00
-1.864105781360392289e+00
-1.864018218055819798e+00
-1.863995515057544239e+00
-1.864481442151032509e+00
-1.864507000070137366e+00
-1.863708159787011320e+00
-1.863501768908840894e+00
-1.863208631845235219e+00
-1.862934049578073958e+00
-1.862899967756324049e+00
-1.862284788003281122e+00
-1.862047095536106811e+00
-1.859401729882037557e+00
-1.859751998856111754e+00
-1.860809200708388955e+00
-1.861191159323160704e+00
-1.861108881033382456e+00
-1.861442049372179497e+00
-1.861044150637466865e+00
-1.861089437556082693e+00
-1.861055744123323752e+00
-1.861151140558176653e+00
-1.861098831668578812e+00
-1.861096468728008269e+00
-1.861286998534279924e+00
-1.861170366989638669e+00
-1.861523181103064806e+00
-1.866720220337929614e+00
-1.859664948236335213e+00
-1.859705933014899060e+00
-1.859760179928298784e+00
-1.859745313538126332e+00
-1.859748982212493518e+00
-1.859767791984062946e+00
-1.861921198914951336e+00
-1.859758092417241437e+00
-1.859764200405298329e+00
-1.859839558016533889e+00
-1.859929337312831388e+00
-1.860654005332107008e+00
-1.860588284583091223e+00
-1.860225499406931826e+00
-1.860282248754404399e+00
-1.860483941503241700e+00
-1.861097540922556082e+00
-1.861262942411567867e+00
-1.861468051752374508e+00
-1.861747219039801893e+00
-1.862776026057306300e+00
-1.863191698525412665e+00
-1.863199786898740662e+00
-1.863322366992223200e+00
-1.863359145824856622e+00
-1.863355215711998802e+00
-1.863416732856247648e+00
-1.862841732450369658e+00
-1.862837029022593072e+00
-1.862999015783100010e+00
-1.861822238377936145e+00
-1.861058634344748608e+00
-1.861547279573487979e+00
-1.861666244169026596e+00
-1.861648137682765380e+00
-1.861117978726316347e+00
-1.861076960468798891e+00
-1.861074930092218249e+00
-1.861061273811732919e+00
-1.860973796621879561e+00
-1.860976609605419885e+00
-1.861082476756634962e+00
-1.861098826605500189e+00
-1.861097532667928434e+00
-1.861196379790243327e+00
-1.860423680338907371e+00
-1.860367580407447097e+00
-1.860432506814671427e+00
-1.860448821841690581e+00
-1.860411572030660654e+00
-1.860412423807344506e+00
-1.860510647323033950e+00
-1.859951842501756269e+00
-1.859870582272237449e+00
-1.859882363596360833e+00
-1.859979041607692229e+00
-1.859979583194262487e+00
-1.860016436157643671e+00
-1.860081118306320613e+00
-1.860085402160459367e+00
-1.860149779554417737e+00
-1.860682974894864339e+00
-1.860782085997391366e+00
-1.860819807530408987e+00
-1.860827126428531209e+00
-1.860866704706227281e+00
-1.860901847198423553e+00
-1.860954666566704496e+00
-1.860957348981283399e+00
-1.860958157189234630e+00
-1.860958757015226839e+00
-1.861178278603047742e+00
-1.861301862853287137e+00
-1.861312058879132092e+00
-1.861302531927450321e+00
-1.861306770748606843e+00
-1.861524898299745878e+00
-1.861367147871214378e+00
-1.860390199766443153e+00
-1.860682335638130347e+00
-1.860695354516639144e+00
-1.860783042671500631e+00
-1.860805798911194575e+00
