-1.489906051486203031e+00
-1.523906951614629079e+00
-1.627232375417580812e+00
-1.639218915888211781e+00
-1.683468141593887690e+00
-1.685849298855108813e+00
-1.714281232791731391e+00
-1.717365320986850019e+00
-1.734556085519824764e+00
-1.728623436674348701e+00
-1.738663861442039993e+00
-1.738754863805618056e+00
-1.739702790130750909e+00
-1.739678302681410216e+00
-1.739723005183966054e+00
-1.739792652757148339e+00
-1.739096689088709624e+00
-1.739179903606436373e+00
-1.730213545069292147e+00
-1.736344102629829411e+00
-1.737527504008628876e+00
-1.740238731966198493e+00
-1.738845026753928380e+00
-1.743878755787339419e+00
-1.744296129594657074e+00
-1.747045628647694748e+00
-1.747714274579430516e+00
-1.748122827864498241e+00
-1.748021246515803373e+00
-1.742628644330145526e+00
-1.742728405579609507e+00
-1.743389763946659787e+00
-1.745151308406696522e+00
-1.741283269429781511e+00
-1.743581088519717825e+00
-1.744046633623089093e+00
-1.743595251277104685e+00
-1.745652442619838318e+00
-1.755712483277420244e+00
-1.756227222463587312e+00
-1.757836762390504015e+00
-1.757977270445848506e+00
-1.757992241218339302e+00
-1.757830400355388845e+00
-1.756341484913628515e+00
-1.755892197368300156e+00
-1.746042353022010385e+00
-1.744034533797250486e+00
-1.744546243199286861e+00
-1.744269545779938646e+00
-1.743085332180581704e+00
-1.746926930242770126e+00
-1.745466340131018645e+00
-1.744442598983225956e+00
-1.744663354952431966e+00
-1.749563319042817033e+00
