3.359600564842913318e-06 -6.287020381518695911e-03 -1.007238294784074638e-02
1.352521623073929069e-05 -1.135649870901792730e-02 1.171638739086301078e-03
-3.994834617744846003e-05 5.911488586473934853e-03 -9.108569388005699138e-03
9.367292509700284736e-05 2.041224012337514507e-02 -5.509469526899292771e-03
3.825104015111306264e-05 -2.477361770389504073e-02 -1.074578889177769253e-02
-1.096195913560040229e-04 1.687904163440287486e-02 -1.033068962969805812e-02
1.949295748952448092e-05 -7.884038352114111636e-03 5.425583094920317581e-03
3.741582710998667490e-05 1.038348607822909934e-02 1.237430937721451484e-02
8.251224001809965951e-05 1.011151960544906352e-02 -1.557693829517101808e-02
9.255829165684760268e-05 -5.829081493078213522e-03 2.789764775101841350e-03
-7.907389067141469378e-05 8.716728915855048027e-03 -2.816137361581702320e-03
-1.552477371297103113e-04 -8.696101239010088982e-03 -9.563646432941755662e-03
2.109954431291019363e-05 -2.755251250354872044e-03 1.152487531259332489e-02
2.415724495931100325e-05 2.973251146626992338e-03 2.656573345203916848e-03
9.009395162467146831e-06 -2.004991253014545480e-04 -2.196423071306765479e-03
-1.549102506536080505e-04 -2.103235750304011803e-02 1.212891717940191467e-02
1.355111258140539627e-05 1.333068768504513425e-02 -8.673741827216424269e-03
-4.565393016816612204e-05 -1.982399314118598677e-04 -6.916373817444579006e-03
2.374380624517141415e-05 3.797384376840596057e-03 1.807245866364188365e-03
1.205043878176830275e-05 1.501121084390137986e-02 1.163740356918156228e-02
-1.679149909974564782e-04 6.645267056799779130e-04 -1.489251055466350553e-02
8.172828069920110700e-05 -3.762583233603004462e-03 -2.171838758769201704e-03
1.605758222192613184e-06 -1.914922971794605702e-02 -1.908336791587685217e-03
-3.889737594322321789e-05 1.800748874826699555e-02 -1.070890870463906026e-02
-1.102399039828811649e-05 -1.613325392852026086e-02 5.568623207543118084e-03
-2.404477630612024054e-06 4.942656660487826023e-03 -1.264799412415638577e-02
1.559819613117791178e-04 -1.115753868461209428e-02 8.737833305490135547e-04
-1.158252600905750705e-05 -1.216017034921175119e-03 -2.556022184472004320e-03
-9.885081958367089941e-05 -1.086945072503873143e-02 1.148712002743243303e-02
3.097309776604337879e-05 2.010799948541907092e-02 1.065134596501754807e-02
4.580533524758098379e-05 -3.998148453019699858e-03 -2.121873216584353131e-03
1.172294751235618574e-04 -7.274911052984508499e-03 3.938561213677887487e-04
4.158733075372689740e-05 5.928232964121449636e-03 1.069973239935150325e-02
-1.668047869466803096e-05 5.366499219566794703e-03 1.005492491742329686e-02
-5.325379176489101611e-05 -6.200753235038352316e-03 2.261998331876197837e-02
-2.903699080033316057e-05 1.607544274947100924e-03 6.950926016151229292e-03
-1.722848612513938504e-05 1.336059138337440666e-02 -5.332202203762573950e-03
-1.369135645905186056e-04 6.457224426407709612e-03 -4.952900676960713712e-03
3.112586658114955575e-05 -7.313916486980594905e-03 -8.582613255841671854e-03
2.412748788215070294e-04 -2.410077278781229924e-03 1.035388463607403269e-02
6.020703493758152255e-05 -3.035095576515561226e-03 -3.253878614344950866e-04
2.966334678627437633e-05 7.850839040177429173e-03 -4.809420390984279906e-04
5.608352262653784967e-05 4.752978766403951304e-03 -2.577875665836168190e-04
-3.109236272440726585e-05 1.141190317730537279e-02 -1.326890674355203029e-03
2.022289511461748175e-05 9.539571062953408273e-03 2.730819637848733248e-03
-3.062171644388084890e-05 -9.070344349330286202e-03 -8.639078705351798792e-04
-1.874351703020422813e-04 2.099533685945602617e-03 5.832681069518110169e-03
-1.034947009610441278e-04 -1.843067291613467414e-03 1.466864638088236604e-02
3.602874716548367973e-05 -1.452476349751863609e-03 -9.496966538168955712e-04
-1.268181994441634697e-05 -7.513740636603288186e-04 2.508264088316339985e-03
2.616915721726863927e-05 1.167989844597246661e-03 -7.275764251216566315e-03
-1.046164852238254368e-04 -6.198714652179742636e-03 -2.317550472394189556e-03
-5.115327373308114047e-05 -1.273194577296489147e-02 1.758042251252562183e-03
6.170656770931370395e-05 8.721927649294492282e-03 -1.097950911736902090e-02
-1.046041327686252701e-05 -2.999890049004522510e-03 -1.220387300477216407e-02
4.811693747535015467e-05 3.337343430014652786e-03 -6.953051185294292086e-03
-6.723546575884027101e-05 -3.100562531130356993e-03 9.037248127146825516e-03
-2.267529068804685752e-05 -4.826748534979738089e-03 -3.415293847711752158e-03
-1.653109904963169117e-04 3.492780065148994723e-03 1.525865589537555439e-02
-4.342250512816042858e-05 -3.331707197208998422e-03 3.454150358171971698e-03
-1.346095107653718899e-04 -5.704544527310599676e-04 1.388393127243176504e-02
3.980502199566026675e-06 -9.773419309359954524e-03 4.357194781452727178e-03
8.977099509010297176e-05 -1.179565243866445567e-02 -1.678267056097078856e-04
-1.723309243492240331e-05 8.469070184206900151e-03 2.731639850880956955e-02
1.378418416411353222e-04 -5.065974880010487222e-03 -9.103120880506845522e-03
4.921720831316673790e-05 -5.468025229143893585e-03 -3.113848256658079995e-03
-3.361582059941786249e-07 1.650950696666189654e-02 -1.933283868937798675e-02
1.847747263416924294e-04 -2.197474852252750965e-02 -3.992918201510744646e-04
-7.118715523664900330e-06 -1.156076248172984745e-02 -6.679292712599154032e-03
-1.980281435596668621e-04 1.893569514718290454e-03 -8.088251873442770662e-03
9.118934988946361794e-05 6.939817327051433712e-03 -1.266210018030199808e-02
1.014481472034653274e-04 5.268643257663148567e-03 2.008905741590845395e-02
1.330834980335992214e-06 8.336056532979137929e-03 -6.020819435653731143e-03
-5.439608601766457484e-05 -6.083322817556200204e-03 1.424386800609408772e-04
-3.828930077444032580e-05 -7.816758442046758612e-03 1.368775741157741976e-03
-1.058346508796497278e-04 -5.237082557352615991e-03 3.943245009369966778e-04
-1.372645924234438237e-05 -8.494218591668044847e-04 -1.018921791953837815e-02
3.853261413826764844e-05 -4.619232164074114563e-03 7.937617857103163727e-03
3.336747607719995971e-07 -1.540354450053179041e-03 1.210690448756449392e-02
4.624369328432756767e-05 9.489158966620682076e-03 -6.918973312257228891e-03
-1.479245696349482319e-05 2.265579667964257894e-03 6.167832351687769880e-03
1.890252202281710134e-04 -5.753287075402004243e-03 1.088462142523086325e-02
-1.602204267441868161e-04 5.765346846965726038e-03 6.337866489362396034e-04
2.913863665591093785e-05 -6.544547050921035135e-03 -1.178210142686800764e-02
-1.299278339907616550e-04 6.808193569495506019e-03 6.556841596659221047e-03
-1.149251357536737526e-04 1.581044628362895119e-03 -8.488544187238955888e-03
-1.623078271658152970e-05 -3.200922899067278667e-03 -1.601413323995797520e-03
1.329645296877583999e-04 3.701837308903502093e-03 6.076792799756010598e-06
-1.370170748280157653e-04 3.605453201133302938e-03 -4.405458512481981448e-03
4.755500711328885459e-05 -2.381040112151264470e-03 6.867077062616932549e-03
-1.999531745894749214e-06 5.251081660985205263e-03 5.783509527840967161e-03
-1.367296069103204328e-04 7.312279693092164912e-03 -1.189821077553345624e-02
6.269314664505120911e-05 3.997483630345353631e-03 -2.251511046926628096e-04
2.737381154063085606e-05 4.211360731379433509e-03 -2.032157640076433843e-03
1.503953721055069424e-04 4.560832479769354360e-03 -5.913696146939524320e-04
1.086758859981660678e-04 1.733595416661591615e-02 -1.989192521771321765e-03
2.097678233096259318e-04 3.740769754059416162e-03 6.194354042370958310e-03
1.629892790913341303e-05 -1.407214955553204869e-03 3.095209174906759023e-03
-4.841910674328754724e-05 -6.191226709142652780e-03 -4.814341505070309120e-03
-1.660847327981023272e-04 5.806444119821537256e-03 1.227619717282217061e-02
-5.530270901500179329e-05 -1.103946274409614353e-03 -6.214485434393288328e-03
2.985146519705089000e-05 -1.737995948965739747e-03 8.110348198335014941e-03
2.776505596446345622e-04 1.704604167554723756e-02 2.989409642321788369e-03
1.601880206100392203e-04 -4.956784240163839006e-05 -1.037045312723398373e-02
-2.509944837580425111e-04 -2.792400436700902006e-03 -7.980405511321540107e-03
4.900547077307943736e-05 8.474440341890467077e-03 -1.294878635811603628e-03
8.645667835046432880e-05 -1.492123139065458515e-03 8.005383492403431861e-03
1.023757511718093060e-04 -1.539233180299403106e-03 -1.155848046701661580e-02
-2.938389750747827855e-04 1.243045458747549410e-02 2.011315612220994017e-02
-1.381199520314413355e-04 -1.232688846743150261e-02 2.633177381589285344e-03
-1.085872768739143754e-04 -1.277131114761718630e-02 1.025331508611546094e-02
-8.568531490593367633e-05 8.543916953269611175e-03 -6.994442661792209378e-05
8.654525493156452513e-05 6.338055524339674535e-03 5.865795922026890638e-04
2.281732956073042248e-05 4.330773700753401054e-03 1.227607723273789518e-03
-1.108408733422713475e-04 4.865404392558463098e-04 -1.959813147185441272e-03
3.147179589936146920e-05 7.742678590874503206e-03 7.271626739947889204e-03
-9.688822777336394292e-05 4.282358296178986716e-03 6.900961122657727452e-03
2.765485219804639680e-05 -9.379822495515589831e-03 -2.301128468687967501e-04
1.513052531994572120e-04 -3.303515157572757717e-03 8.282631520774788245e-03
3.646436695332681268e-04 6.432529469542115456e-03 7.389336914411215838e-03
-1.185282267596546335e-04 -8.689686653245799752e-03 1.323956532505399589e-02
-5.428542188150050966e-06 -7.611046417130133170e-05 5.075339305833586646e-03
8.405100035514595155e-05 6.382360274510881157e-03 3.374280433867516468e-03
2.230238037606568631e-04 -7.835569304467330382e-03 5.846224074453478664e-03
-1.136250961720179512e-04 8.301201021615934109e-03 -2.783055197687604558e-03
-1.379754686149122075e-04 -1.145252697530975590e-02 -8.259382759258868459e-03
7.703964867810789748e-05 -3.345712429097593647e-03 -3.819575842593969824e-03
-1.452350713074112708e-04 -2.978621884289987245e-04 -4.746524778474982623e-03
9.765848697733977950e-05 -1.160853740660146294e-02 -1.388120138971148348e-04
1.101827975240199245e-04 2.123102081153265507e-03 -4.853083423673073410e-03
-2.674588763328460106e-04 -3.127920980991651806e-03 3.366022667376105965e-03
6.206296671964736981e-05 -7.479350634653758861e-04 -5.473867767772581938e-03
1.199743968622422473e-04 -6.765345081774586100e-03 1.619644749499395131e-02
-2.481745168111698001e-04 -3.470943212024606411e-03 1.422178637360238876e-03
-4.887618838839511158e-05 -7.546889499950745935e-03 -1.572673443459655842e-03
1.484664549545298374e-05 -1.269533152572045048e-02 8.197689391923236243e-03
1.273836713296297278e-04 2.616853855779111351e-03 7.341083628555540065e-03
2.029180508185456447e-04 -2.042602713336161974e-03 -1.612429798278841239e-02
-6.832906404272429200e-05 4.685087233740338822e-03 3.860388511789636032e-03
-3.121949548625991861e-05 -7.257652985464486776e-03 -8.740599049583784932e-03
2.933480321009937085e-04 2.130109666571821866e-03 -6.340205173332659656e-03
1.697579691329142537e-04 2.232809000613070020e-03 1.011633924224882540e-02
-1.224024149060119163e-04 1.017109811806348255e-03 -1.631863715313772297e-03
1.808416186594251471e-04 1.503545762067145034e-02 -5.164287805776057901e-03
-1.357781055588291744e-04 -6.002735548022147122e-03 4.236623943112384320e-03
3.409684951207143174e-04 2.485616596901684718e-03 -6.568879441338693580e-03
2.153884223093547007e-04 1.411240486201062938e-03 1.139294976864468228e-04
-2.770707743950334245e-04 -4.806235930295888782e-03 9.712023464761496833e-03
2.734326342213913813e-04 5.541157453881201400e-03 1.008577823300601389e-02
-9.317622312950741453e-05 -5.623570309826277092e-03 9.389272256304112205e-03
6.396962862266577273e-05 -4.563839972492230931e-03 1.354221017767524501e-05
3.244895591605142534e-05 9.243194773852794061e-03 -8.274450469758873328e-03
3.613582968850459986e-04 -1.026659453369177001e-02 7.725826357011299737e-03
2.400846939921185471e-04 -6.626943371465869939e-03 7.759034863472361043e-03
-1.889725253138198747e-04 1.488671036513149193e-02 6.776343806035440426e-03
-3.557801912341710076e-04 1.162062115788107045e-02 -7.815341068528841410e-04
3.144445172069476125e-04 -1.774460157825554288e-02 -8.787517750792488190e-04
-2.489771175138555783e-04 -1.028559541603555651e-02 -9.407735172893524553e-03
-2.633801980362415014e-04 1.172661015626361158e-02 1.939132890804277877e-03
-1.044207800422809778e-04 3.520056063855420223e-03 4.007608097815711220e-04
-2.004552087945780264e-04 5.107748739411442293e-03 7.856502082349765478e-03
1.010580461526104678e-04 -1.978504221017112451e-03 -5.143542785611840418e-03
1.275624054140134050e-04 -8.410379312262192611e-03 5.697736354593646232e-03
-2.898626147545138934e-04 1.677489386869568389e-02 1.195057624121835353e-02
-3.457839493155987387e-05 1.294452011101564909e-02 7.735787627776439385e-03
-1.090698247729201355e-04 3.478764435158515633e-03 5.162101766687078944e-03
6.873840022233597652e-05 -6.563099636373466265e-03 -1.169967833112027121e-03
-2.783319349453168605e-05 7.964996121148905373e-03 3.070159467356159671e-03
2.009587529819047158e-04 1.739328325549251153e-02 -3.572704683649786852e-03
-3.311029609850912013e-04 3.229845842052222506e-03 -1.032254526883129297e-02
1.268979439887975866e-04 -7.901369382899224580e-03 -6.423493765599199226e-03
-3.346522952940128278e-04 -7.058056417820270621e-03 5.216817617431075346e-03
3.493697525790695740e-04 8.001680846142111836e-03 5.165807487763736210e-03
-5.671615064677940814e-04 -2.016321998688542019e-02 -1.035086689194512390e-02
-2.919436667830352730e-04 4.023779640125220089e-03 4.978533734911235430e-03
2.310791773077514088e-04 8.055443612725818672e-03 -6.884573479202420535e-03
3.739235701684096285e-04 -2.765891399140588992e-03 -1.612287791765621391e-03
3.287772303150698992e-04 1.227749408898356522e-02 -9.297744783001802432e-03
-1.459272603219881554e-04 -8.123371719463767099e-03 -1.208546670513353837e-03
2.515124694480397544e-04 3.118393536889278728e-02 -8.257634324382461671e-03
-1.293098628138711630e-04 2.519473643166883405e-03 -1.048826499248099384e-02
2.281701230677697938e-04 3.893396585428296041e-03 -8.139621376213410781e-03
-2.021808173230158455e-04 -1.895598023310102881e-02 -2.406672392928579755e-03
5.338697544566015432e-04 -4.337327915196365069e-03 6.318124632044832753e-03
1.559426484487217530e-04 1.991341654216952084e-03 6.992119509317863690e-03
2.003490831446503602e-05 2.565433184217061693e-02 3.831889163378862304e-03
-3.207030700453006371e-05 1.230419401508000415e-02 -4.094104734447587268e-03
-1.362379474615835716e-04 5.325589336220947281e-03 3.227687586910406477e-03
3.021759847907832760e-04 5.155606309301645138e-03 -3.411044808187318946e-04
-7.133253164267516612e-06 -1.705149560248103973e-03 -2.751352712538662065e-03
3.110473884666630851e-04 -1.138311577289574314e-02 1.327420606447078698e-03
-1.827501790569978227e-04 6.177888105526787264e-03 9.640605621778102971e-03
-4.151167458628975820e-05 1.597946752435935869e-02 6.905493226650894628e-03
5.106012564907047189e-04 -1.204266715984321848e-02 -1.204803966659870849e-02
1.916003709366213934e-04 -9.386674286180634111e-03 -5.579580582146493987e-03
-1.062630363650406942e-04 4.557521511901748562e-03 5.620123969093681476e-03
-7.427162725277570163e-04 -4.610827152784246694e-03 4.933910465006519953e-03
-5.072414726757866822e-06 -8.891363832590955816e-04 4.502421761925964861e-04
5.597981886577979876e-06 1.049926753989691066e-03 -1.344538812667919877e-03
-4.488689421105943029e-05 3.073685707490503728e-03 -2.819422056432894196e-03
-2.597906798046041880e-04 -6.624611823337410270e-04 -9.457271040725906755e-03
1.736262225600987896e-04 -4.262625934379988234e-03 -4.513473432732980142e-03
1.446161256215352544e-04 1.262416288351393516e-02 -3.358494383259854037e-03
1.822492898683940950e-04 2.777547142730656116e-02 -2.178505255152772026e-03
-3.549109514992915770e-05 -6.773976426859139310e-03 6.988605565215283595e-03
4.807425152708365095e-04 -1.714491836163750671e-02 2.550073083167044702e-02
-4.227655311901118299e-04 5.613917861125579216e-03 2.592091416603217128e-03
-2.270028670594167433e-04 5.385248800123167839e-04 -1.002026665865121853e-02
-2.990996373134134590e-04 8.425415556329322788e-04 -8.747416667628086541e-04
-8.984748583386240712e-05 6.965039195427917031e-03 -5.992691789803334355e-03
2.248673816936494659e-04 -1.449708956181447114e-02 -3.231938479067390964e-03
8.958825691902132715e-04 9.742569130730795515e-03 -2.257294765460368668e-03
-4.281307858572292076e-04 -1.815546708899369241e-03 9.426585308173187835e-04
-1.421467461334655091e-04 -2.372056272443249375e-04 9.169884262246624264e-04
2.092535605672998106e-04 -1.327041572844010579e-02 2.565840051973150831e-03
-3.342171422786760797e-04 -1.054405552785787903e-02 8.086914635569103157e-03
6.406270755652071448e-04 -1.326770460205658857e-02 -1.373907113564836087e-02
-8.846240478199351651e-04 4.784553449982924603e-03 -9.075514216361275921e-03
3.077513906005739679e-05 -4.363698006907225282e-04 3.131223039484974571e-03
9.517678512725759863e-05 -9.593569777364245599e-04 -1.548313358946783050e-04
-1.223211088758728389e-05 4.345688113330107780e-03 1.607596404790078912e-02
1.080945735390042304e-03 8.363554096671747470e-05 1.088357911596545685e-02
1.178863681639563958e-04 7.802183796687317541e-03 1.671440033552246129e-02
-9.225822447871596694e-05 2.662479771292676576e-03 -8.597142658570164006e-03
-4.996387340990212115e-04 1.171676404152514721e-02 -1.139752566836666446e-02
4.677894834268651924e-04 1.432215723368443841e-03 8.058789252604288411e-03
3.538206025386503458e-04 1.009511645183918879e-02 5.435129832710978645e-03
5.116905642912658158e-04 -2.131800288500887430e-02 -8.851252355678513109e-04
2.818300217773031633e-04 -1.463630681077006043e-02 1.152413628388757050e-02
-6.087418771922194200e-05 -5.985027250952679179e-03 -3.373842947480073943e-04
1.674564033040855935e-04 1.046522768279650392e-02 -3.760177093610045894e-03
-1.855928010071201104e-04 -2.653312074211176819e-03 3.400020555634973053e-03
-1.606620366439680259e-04 -6.746799161460799096e-03 1.410848407172854814e-03
-6.438242969851767743e-04 7.226000467847794144e-03 8.406770130866884211e-03
-1.445781332609271004e-03 1.364658898838362784e-02 -6.191533889138484993e-03
-4.307447683156582683e-04 1.143924845542853425e-02 1.841762408507395705e-03
1.794939823634491291e-04 -4.396587246784161226e-03 8.958732535449458276e-04
2.261840459363028994e-04 5.489069483971798467e-03 -1.458200662644359817e-02
6.904306217391968170e-05 4.407166854222870946e-03 -2.167490708106241393e-03
-2.699799247560952654e-04 7.839992077863304834e-03 2.336077804053765528e-02
-1.007931754590411311e-03 4.302273602570422933e-03 -5.218963112498196597e-03
-2.629835840858754767e-04 -5.039583649271232521e-03 1.667703561216287572e-02
-8.654477768320760251e-05 -1.835193002789438105e-03 -7.713955905673872473e-03
7.211344779456563703e-04 8.443721183167928260e-03 -3.064788669564094854e-03
-2.302173150221869066e-05 -3.885258612468353752e-03 1.014645977705187427e-04
1.804084181884360399e-04 -1.623042863781978340e-03 4.483753645364250799e-03
1.628721443622060494e-04 1.651286164842201160e-03 -4.726264555844038318e-03
-4.873901176529247094e-04 -1.299210392249785205e-02 3.648130459563006436e-03
1.254247101128884347e-03 4.475451786118532331e-03 1.135487577214453012e-03
-6.405321558139600137e-04 8.378195456632004517e-03 1.331562983582278495e-02
1.137451918184666987e-04 1.343883265581000694e-03 1.248725509519950892e-02
-4.394082310221532491e-04 1.893317254720240823e-04 8.902495267955917724e-03
1.410961448964951660e-03 -4.427828951274277204e-03 -5.045761465534997874e-03
-6.732195668940659709e-05 -1.899256884927205723e-03 1.190265637548811300e-03
-6.590620639629410089e-05 -1.450386218119282915e-02 -8.756883167184682792e-03
-1.130740746347405840e-03 1.218307016164359635e-03 -5.228672874079515545e-03
-1.025201494522159440e-03 -5.617343635298106125e-03 6.991265332090520861e-03
1.500338272590723255e-04 -7.756708833814305107e-04 1.979383426020526332e-02
-4.013965953099749170e-04 -2.176823031657460113e-03 -7.270353178193635427e-03
9.481466049012091991e-05 -5.526538831096151211e-03 -1.186217626777850281e-02
-3.138421397821710215e-04 1.565763445618433393e-03 5.351155251208054159e-03
2.589586967081040740e-04 5.237481898399761263e-03 1.619071890539533487e-02
2.089357912049432959e-04 5.706617061083421073e-03 -4.863157001341586461e-03
7.990240451022444885e-04 -2.758710316288407946e-03 1.229820779539704360e-02
1.429511071840084075e-04 3.882197994413163350e-03 -1.829554390275019496e-02
8.079755181971542966e-05 1.034807852676665647e-02 1.223034724883557967e-02
-4.348754363783631179e-04 7.616154582618377133e-03 6.987275176737308205e-03
5.377596490737148729e-04 -4.342713584201744054e-03 8.670223672177254301e-03
4.429216033283086824e-04 -8.654748011944565431e-03 2.665408481883975618e-05
-2.138047865797872268e-04 3.889293506874283695e-03 -8.121616370647800551e-03
3.886488996675714082e-04 3.243180377450454593e-03 1.346791045774065575e-02
-4.598853008773010661e-05 9.472860024521670766e-03 1.597700476467845895e-02
-4.759039771039752726e-04 1.923305749444371993e-02 -5.277928298139710275e-03
-1.257381657120800605e-03 -5.197145111259446337e-04 -1.081143481580936622e-02
-2.604671300173825601e-04 -4.923557028844201613e-03 -8.887733182083787375e-04
3.381533680475903966e-04 6.844722238143180655e-03 -6.082805313528438611e-03
-8.460387318994469930e-04 1.377614761074938063e-02 7.382022093996713427e-03
-9.614353623806470416e-04 -1.392806597779399670e-02 1.007582930960319173e-03
1.093195273980631841e-04 -2.518473772081934216e-04 1.519183772061464795e-03
5.551731963779458926e-06 4.163176940553475584e-03 8.486706114850047118e-04
-8.533612775074633696e-04 2.119988025485161631e-02 2.945823222578382999e-04
-8.430310180324590433e-04 -1.843081702322655127e-02 -7.628768456149430041e-03
5.029983502109831492e-05 -4.315335414801405034e-03 8.597816651494658013e-03
6.801529313257778393e-04 -4.864400061209521453e-04 1.750924669652907661e-02
3.435485370651729310e-04 -5.434128193491187357e-03 1.832437308369601683e-03
-2.472145700740007498e-04 -4.980023975912920009e-03 8.021202978252118913e-04
6.317139636986837887e-04 -1.011457129760946240e-02 1.801877386752201351e-03
1.286307174976686124e-03 1.067153192146629058e-03 -7.054278757866027511e-03
-1.314688243284664712e-04 3.427754443125704403e-03 -4.116668031007311712e-03
3.578525140715370497e-05 -1.691620742979370318e-03 2.160355812179177992e-02
-1.985733624230788964e-03 4.789816508724007924e-03 -8.326642481319363256e-03
6.957094017876637709e-04 3.603922088198112730e-03 3.153750001524073272e-03
-2.809633210754971491e-04 -1.026552423557050564e-04 -1.427366765835038145e-02
4.745941963587776567e-04 6.509007083907719128e-03 1.903024731662616639e-02
1.093966377407549042e-03 1.254858435262214827e-02 1.136599188398183195e-03
-1.025748726668901855e-03 -1.430591171630537367e-02 -9.950714328479298709e-03
-1.985578100667054549e-03 2.288848885959094727e-03 -2.021744358164970570e-02
5.416433271903386970e-04 -7.608692046978560164e-03 -1.192508071370493479e-02
1.125814305267626219e-03 -5.995698816720606769e-03 1.465161109990664214e-02
1.634924922161058725e-04 -1.038731605185822145e-02 6.243692052960899026e-03
-1.549774817233051704e-04 1.555963011244583527e-02 -4.913618642100673652e-03
-9.507080843133126034e-04 -1.793565214541002414e-02 -2.516085744826977375e-03
-2.458168222605133053e-04 2.909415862485677934e-02 1.166679102379930381e-02
6.701918310920095510e-04 -1.049333274349644948e-03 1.109497887972915944e-02
-2.761036647851690070e-04 -4.227535716408982631e-03 -3.309700952378949197e-04
-8.673515007851216336e-04 2.407685229767120988e-02 -1.204116653981212801e-02
-1.579770165431879439e-03 1.076797408516182337e-02 -7.386714829999420709e-03
3.598688949795172585e-05 1.074058343327588712e-02 9.262901374545433331e-03
-1.525627723859488295e-03 4.083924947383070492e-03 9.039713471107482887e-04
-7.672539262830236663e-04 1.666100145999931115e-02 3.121953082908445528e-03
2.363157001085594133e-04 -1.328633519390435072e-02 -5.403461002185595049e-04
-5.002189733634535051e-04 1.754968927567252673e-02 2.004827311136681348e-03
1.759103937533255057e-04 2.997896908691872683e-02 7.277007708856143321e-03
2.463282963947642317e-04 1.005204503592877635e-02 9.012334394183158653e-03
3.221376799903681674e-04 1.892794381578069909e-02 1.102722364024032349e-02
-1.834834645515103966e-04 -1.534710296293047109e-02 1.857733334982858073e-02
-2.404662830328641520e-04 1.305354815421971675e-02 6.399739630908078160e-03
9.435776317668942469e-04 -2.877931053214049725e-02 1.124602299707788168e-02
1.589527195351886661e-03 -2.997834671275839344e-02 7.302658026173811014e-04
-1.168024905763418841e-03 1.290807333341789306e-02 6.431410912460568292e-03
-1.808043623240105421e-04 3.655775049407533617e-02 2.038660241262294295e-03
-3.124922362813874893e-03 4.265547658871760017e-02 -8.051269295742201348e-03
-1.120784533632769532e-04 -2.648423752260930207e-03 -5.120087053371889102e-03
7.476857750617455455e-05 2.132032509670736195e-02 5.591113789471430055e-03
1.554439961089552848e-04 -2.202448951430441282e-02 1.358274461203185044e-03
7.135085846448001963e-04 -3.855080436979109459e-03 -4.159365680798276198e-03
4.523925161695863090e-05 -2.505107767251182199e-02 3.014930484340190217e-03
1.057821753109245127e-03 1.446219129563554653e-03 1.250245282403779877e-02
-1.424668748450638516e-03 2.516574989379449442e-02 2.207819896616899404e-03
7.290309750966738472e-04 -1.844959579851560005e-02 7.463417329042073070e-03
-1.546255055273701700e-03 2.333886308351296179e-02 9.389698228608401448e-03
4.896455367624436613e-04 3.605976552542702190e-02 -4.201222688786488899e-03
8.497116391316473019e-04 -2.966398743263889623e-02 1.123231681785911724e-03
-1.540214600781571012e-03 4.297942101323685982e-02 2.572933061135600219e-02
1.635561116313449760e-03 -1.413215801193172180e-02 2.994548850503047505e-02
-6.978783287336251485e-04 -4.835037079753143688e-03 -1.970670324171698053e-03
-9.267286971135475597e-05 -7.730142828289198256e-03 -5.008195534775110487e-03
-3.832177995253320708e-03 1.838950178851913534e-03 7.227817527542419566e-03
3.286893120753574173e-03 9.809875220372086049e-04 5.744843530889630345e-03
-1.724270742101987252e-03 -2.886067265652629554e-02 -4.484116501307069871e-05
1.327201782498857669e-03 1.040349798483673240e-02 -1.268132553786420307e-03
-2.388619888286272041e-03 2.093116301685373631e-02 -3.728390339998334437e-03
1.533602745510867895e-03 1.130004580108394038e-03 2.073702156170031084e-03
-8.757112242178303292e-04 3.942403219399754147e-03 6.060103520045645280e-04
-1.423934097373845496e-03 6.290595118039030327e-03 -4.171455401582075014e-03
1.885877102067369309e-03 -2.155754608916487722e-02 -4.385947439538085899e-03
-8.746608315299413431e-04 1.128860246164916162e-02 -8.093673517883776675e-03
-8.776988151967659918e-04 3.338222016898054201e-02 -8.576143458544764273e-03
2.561202464468064974e-03 -1.068471361927650527e-02 2.089145675729496554e-02
-9.383833600326816097e-04 9.865958666360932772e-03 -2.384181801866204486e-03
1.912332834265289975e-03 -1.227804842689894996e-02 -1.487886816510034307e-02
-4.655151054086659039e-04 -6.501658247408862931e-03 -1.597690211158613038e-02
5.633622292753657059e-04 4.407136349558400321e-03 2.199763176699676831e-02
1.426490794163598908e-03 5.109973205122107093e-03 2.339148964399075450e-03
1.064742095861137636e-03 -1.054709414635228784e-02 -1.249185494891898868e-02
-1.185475319818322286e-03 2.697413246404220880e-02 -1.292496009541265617e-02
-6.426441277687720659e-05 -1.218581637944395751e-02 -1.524190159232485450e-02
-2.622815149375077866e-04 9.971650928176534201e-03 -5.534104007017032548e-03
1.973228509150679998e-04 -8.667864817276884140e-03 -2.626540563950593814e-03
-3.333615557004275770e-04 -5.453918023518771439e-03 -1.512892178772567639e-02
6.274607983538485652e-04 7.869135452724721619e-03 -3.083282094524047567e-03
-7.205694555409510765e-05 -2.325377538259356530e-02 -4.853956533599559919e-03
2.766904212539190826e-03 1.243787928893917358e-02 -5.932050887045695053e-03
-1.273807037175998672e-03 3.018087971741207493e-02 8.750560804208031007e-03
2.098683243984338868e-03 -1.700781881491713471e-02 1.887952499186524094e-02
-2.793085001129527083e-04 -1.194342698125459672e-02 -3.438405382739019578e-03
1.463449052002596803e-03 -3.239600244469247742e-02 6.582554347550079003e-03
-2.127488739547192878e-03 9.096479723510294407e-03 1.324165092372370581e-02
1.833587433086267824e-03 -7.790522117978556857e-03 -5.623313015706179856e-03
-8.862795881207595743e-04 -3.361403732374120684e-02 -6.958310450288864024e-03
-2.278170139434883496e-04 1.009075893035739011e-02 1.113848408214972510e-02
-9.182236877365005821e-04 1.558690598009992989e-02 -1.553392891712709195e-02
2.988558678699408840e-03 -1.520269050264852657e-02 -1.085253159416878568e-02
2.201222066707963880e-03 -2.883577117227114142e-02 7.675012561161897486e-03
-6.982928528610513009e-04 -2.352711304083172916e-02 1.316409284702581978e-03
-1.321577682534643165e-03 2.642061533683237595e-03 -1.586288287584528695e-02
1.194683305042751461e-03 -2.927053041331948227e-02 1.053484614957662935e-02
-1.737123488543851563e-03 -9.822003588834383320e-03 -1.394195275329984315e-02
1.299030416003756896e-03 4.022027682613715620e-03 -2.380875069399108600e-03
1.656543020104377594e-04 -2.579875846068994949e-02 -7.779139164689499904e-03
7.615116836873279775e-04 2.757272061450758566e-02 1.499433943748014128e-02
-2.076307742658775515e-03 2.832786111486350344e-02 2.835490425072595584e-03
-2.292183365836501004e-03 1.174019267985539246e-02 -6.611550809094445848e-03
2.373502241641945159e-03 -1.698947854685189246e-02 7.747825596595963454e-03
6.372805096306198742e-03 -1.983612507255048778e-03 1.301275615364056587e-02
-2.777271880659697503e-03 2.449823957050079742e-02 1.602646860038609705e-02
9.890637332113222640e-04 1.040493701667148836e-02 1.628992165710769699e-02
2.518928763083688391e-03 -2.956761129859621778e-02 -5.897499875841541277e-03
2.505598114649071860e-03 -9.837535274844650193e-03 3.894650147223352454e-02
3.377880233254745395e-05 -1.496249235573600400e-03 1.119643020767216099e-02
1.010435096403054442e-03 1.308002460984794904e-02 5.414399483118556740e-03
-6.071705945591748289e-03 2.486533421657742549e-02 -3.102446892174464191e-02
-3.181308672209351429e-03 -3.847111445321645291e-03 -3.108454509184148049e-03
3.462171571877818103e-03 -9.106056566549249748e-03 1.228228384318555584e-02
3.327003154687616267e-03 -1.024075061048401736e-02 8.431752323659419401e-03
7.967910600507131357e-04 2.152809322465312064e-02 -3.129101567584889609e-02
1.809380939877033596e-03 5.719700962357587154e-03 7.577302280536202944e-03
-1.410898284433265300e-04 -1.390770417331293161e-02 -8.908997245241224994e-03
-1.374348274721649572e-03 1.531862968451332650e-02 9.875703892211380730e-03
4.047871572925521889e-03 -3.030420875636402611e-04 5.568290517239445764e-03
1.251264413707546931e-03 4.917305443439759158e-03 2.984062990848184750e-03
-4.572087675684952178e-04 -2.339708300078915081e-03 1.203365197229347774e-02
-2.807232064946488942e-03 -6.346088984037543020e-03 -3.412083545296596548e-02
4.157846315671737104e-04 -1.425684964634701957e-04 3.498715378921723324e-03
-5.062303026456181848e-04 -3.084236380212199147e-03 4.129212582109516999e-03
-3.926690972663313649e-03 1.629533325654110298e-02 9.808239883544820487e-03
-3.339054264256542909e-04 -2.453453726173719651e-03 -1.003013648985085979e-02
1.157819571695870150e-03 -1.349311187931011638e-03 -2.503370129210714598e-02
-4.923117019914086297e-04 -6.281530061118399851e-03 -3.382618055827277953e-02
-2.622680823992291129e-03 1.446116648329975538e-02 -1.965620016952471585e-02
2.841599058887937703e-03 -2.288880487535831232e-03 -2.455576355615241013e-02
1.687308203607488502e-03 6.022793583733846226e-03 4.697065558662256481e-03
-3.340151955278707670e-03 1.351062349050910494e-02 -1.417382831577867000e-02
3.473694552637512836e-03 7.237818699630486387e-03 -9.004164387283998539e-03
2.379949855023833979e-03 1.961628810477875767e-03 1.197110710553628624e-02
7.270999038271282243e-05 -9.980824056787282461e-03 -9.052946220029228427e-03
-1.661320150341889313e-03 -9.323904666588519671e-03 -5.259121281237043311e-02
-4.401453142135663965e-03 6.124069178233593896e-03 3.069744730823395842e-03
5.042333193623063300e-03 -8.705613922036342309e-03 3.116765597099162635e-02
1.317252406381471969e-03 5.762787480211199048e-03 7.434292860823170021e-03
-3.687594425349184461e-03 -2.921920949390322160e-03 1.414975446841685788e-02
-1.175151011029912590e-03 -1.085937142480995765e-02 -5.314541004019660356e-03
9.359475692739525378e-04 -3.324960138702373613e-02 2.629352238597626110e-02
-9.614899206142945914e-04 3.185001051474904005e-03 5.147240473280702798e-03
-6.823110978659572071e-04 6.984873259807648435e-03 3.100558203174789279e-02
1.818107503997320670e-03 9.679750217962902054e-03 1.712220466560592652e-02
3.376654067145953494e-03 -1.644656550413368945e-03 1.329654721347453550e-02
-1.447139058121844424e-03 8.422828026161488166e-03 1.019693127846269844e-02
-2.874596041430421255e-03 -8.095298096481799016e-03 -1.510303916131330339e-02
-1.908081382823818058e-03 1.353475294770070669e-02 8.435086142467971074e-03
2.101837317615434884e-03 2.693022002470013554e-03 4.862607773088837432e-03
-2.881003759518105563e-03 1.233259712319291837e-02 -3.528417556816278167e-02
1.536077377655116006e-03 -1.263250897979980789e-02 1.639221573318168368e-02
-5.461951029585897580e-04 -7.484865586734067849e-03 7.640232767128771370e-03
-3.045644183561157289e-03 -4.844337119033230096e-04 -1.918480786867976864e-02
-4.175677968032741132e-04 1.926652788539183828e-02 -9.670793545659495463e-04
-9.952321553213393148e-04 2.701866595459633674e-04 1.547697099512044747e-02
9.700674703849752412e-04 -7.222055218716260175e-03 -9.609853334797153340e-04
-4.017933438721265488e-03 -1.295055295452730154e-02 4.420359537302019290e-03
-7.303233387765016398e-03 3.523616485233561912e-03 -1.254944203630393822e-02
-5.102034559226433690e-04 -3.766044068557676539e-03 -7.510135986880878481e-03
-9.352223987725810216e-04 -1.293811820940572038e-02 -1.291652089771639159e-02
-4.849894120758771465e-03 -6.499369590794878797e-03 -1.283422020320500179e-02
-3.386563113662223066e-04 1.404353186987186697e-02 1.552155255031097136e-02
-8.470832444891803273e-03 1.953356327866440003e-03 -4.532067417057725200e-02
2.544773142634121268e-03 2.700622447444027754e-03 1.721093903481766760e-02
3.164817519020157472e-03 -5.690517460520409972e-04 2.415928561107714458e-03
-3.583789369085669564e-03 4.844314238243302428e-04 3.557416216841517709e-04
-5.692157472948447566e-05 6.609993102469392118e-03 -5.631768647155711502e-04
2.429323106457721270e-03 -3.582834122598533774e-03 3.581013494092081997e-03
-3.028705281706463737e-03 -6.504987058625405147e-03 1.721558817159278380e-03
7.052022487012505648e-03 8.169197087941379443e-03 -4.265226138435575937e-03
-1.874109359479263952e-03 1.166048875332018758e-02 -1.292201374138834263e-04
2.643446439815828972e-03 1.416017572258704282e-02 3.678848274670295376e-03
1.613812176355292191e-04 1.255354401736111236e-02 1.702934108777786823e-03
-1.070698506537308978e-03 2.976618974766597273e-02 -1.185697623610954335e-02
-2.895480199021555935e-03 9.486501073281448232e-03 -2.238914141701029217e-03
-4.273097809297874382e-03 -4.053909527215716901e-03 3.886953523895878351e-03
-7.007237718771413409e-03 -8.747426951845667376e-03 1.382489429640249533e-02
-4.224040679705595713e-03 7.855296153415550556e-03 1.799267732779395116e-03
3.632199091301693654e-03 3.024806545936259417e-03 5.689920764456995322e-03
-9.594815758293344377e-03 4.158731732082868865e-03 7.438332266339990617e-04
-7.061603996418053600e-03 3.846242930273326144e-02 -1.083406723705079844e-02
-9.262188878773480391e-03 1.151440866931481566e-03 8.149525023344435237e-03
-2.061698411817496600e-03 -1.181981723161900158e-02 5.411435417881035360e-03
4.784709985338378544e-04 -4.272894410553708389e-03 7.628870624290975955e-03
7.695026303685482787e-03 -1.980526858532013958e-03 1.669993689045072560e-02
3.713425986861356755e-03 -2.353602677896797155e-02 -8.395107677163235818e-04
3.296962113272787053e-03 4.341615394788903015e-03 8.783819098074900633e-03
-4.544687428297802985e-03 -5.650038139806641546e-03 -2.028962921784363549e-02
-4.301376242999519796e-03 8.394222149648855602e-04 -2.702873998086430599e-02
2.209155856726451907e-03 9.934237800231088267e-04 1.296635825417565349e-02
-2.817884211490117186e-03 -2.915703477551237661e-03 -5.911620280954209793e-03
-6.233929248504108817e-03 7.804005731780194743e-04 -1.629831213681486729e-02
-5.835363823570331385e-03 4.623389297318751534e-03 -4.014613899644357831e-02
-2.981481424494752952e-03 5.826154089303771030e-03 1.202086776366117701e-02
1.351434202681744533e-03 1.804202112805027014e-03 2.263201841007338178e-02
7.329711779520641651e-03 1.360544110376108850e-03 1.284713868622180954e-02
-5.414574263813936965e-07 -3.714128154186646658e-04 1.029783737453802278e-02
4.407396064014692041e-03 -3.838412449870792775e-03 1.328191939748769174e-02
-6.001837711488586247e-03 -2.635794374427018368e-03 -6.839201535653551510e-03
1.013463593110003856e-03 -9.945947526891036131e-03 -2.957865037394155974e-03
-5.110005083700809234e-03 -4.119814013354698712e-03 -3.652000910896463157e-03
2.723859531582801131e-03 -6.748503075988498794e-04 8.930256220023438185e-04
4.545978563506625908e-03 -5.030426877322864698e-04 2.652847574997208718e-02
2.681904720932169143e-03 1.232343737568749459e-02 4.216018449446316818e-02
5.082070579090918611e-03 -1.492393270073820791e-02 4.397632938382480677e-02
-4.282231059128334232e-03 1.159170245771488222e-02 -6.201868046246122868e-02
1.556076177082379346e-03 -6.906914961683524590e-03 -3.192603903639391200e-02
-4.445836431052529493e-03 1.399418972227988583e-03 1.348093665672890802e-03
7.906089366976188845e-03 3.378246221749051093e-03 9.486731297200848984e-03
1.789540683788234314e-04 -8.724851952277200284e-03 -1.060354579005180070e-03
5.488007850558309156e-03 2.042444878280540166e-02 5.050699532414798520e-02
2.206401735056456002e-03 8.981394192354760775e-03 1.123499713126990471e-02
-6.640038481637139910e-03 2.952780319121967034e-02 1.165222821556263257e-02
1.724630528228316122e-03 -4.473653877777897421e-03 3.080051470181125253e-03
-9.058476076969627921e-03 -4.689975816120432392e-03 -3.873851818753643733e-02
1.730602231871898773e-03 8.333692792575411734e-03 5.041254291685481545e-03
-7.591728330985653660e-03 -2.390696247386320944e-03 1.191033365427193041e-02
-4.511101931555127308e-03 -3.187833073413558205e-02 -2.360979951859789455e-02
2.511084831611503851e-03 -2.602889646717813574e-02 -1.296608677116555669e-02
1.855226809927152005e-03 -2.853503443169635393e-03 -7.656444149897788723e-03
8.909990688894106267e-03 -8.972035480662998719e-06 2.436574530803455041e-02
-5.218033093214374113e-03 2.767856049718903089e-02 4.004706918339080712e-02
3.551519214482156805e-03 -8.397595714122300242e-03 3.804644959857188258e-02
6.241528036833635627e-03 -1.178294768141691790e-02 -3.859919750488900042e-03
-1.461447804742069603e-02 1.269039344875238368e-02 -2.749343836863226906e-02
6.086793248141589806e-03 2.386940586276765225e-02 5.170096099329147404e-02
8.913681971235333165e-03 -1.130383258200751140e-02 2.233948238492583852e-02
-8.603659805316073855e-03 -1.244123494703844486e-02 -1.439214487720609850e-02
3.825774879445908994e-03 -4.106348820285619927e-03 -2.662521137093842860e-02
-2.027534959587301002e-04 -2.980700315536062572e-02 -5.953165316658989847e-02
-6.621743542724958104e-03 -2.177960258856995873e-02 -3.456763628116026055e-02
1.136346935423563579e-03 4.081542704612890760e-02 4.364153402096573181e-02
-9.667585529194631933e-03 3.819613285696490945e-02 -8.381022354731808288e-03
1.789998687541536292e-04 6.447917265773568662e-02 5.144796512072547651e-02
-4.979067881604674894e-03 -1.552745856170088118e-02 -4.364584793079936270e-02
7.069039306909343477e-03 -2.637855821172952614e-02 5.198097760498225639e-02
-1.190347060972042625e-02 -1.401470461266261791e-02 9.875191830374212276e-03
-8.926136280962067293e-03 1.317442707726577261e-02 1.989652235451239148e-02
3.900039088563926918e-04 3.002046016966946479e-02 8.548223370328086532e-03
9.084687160189213601e-03 1.629473914453176756e-02 1.220087547332928193e-02
-6.058665820141195812e-03 -8.577612830646627606e-02 -1.829930498733275263e-02
-2.533889026560685181e-03 -7.777519541589263119e-03 -4.988247730695490045e-02
-7.470894944989601603e-04 -1.623390852764539441e-02 -6.829280566478281890e-03
1.702824111909555238e-02 5.611679578163164539e-03 -8.131206956795838936e-03
5.559816329583289890e-03 -1.132817196295729870e-02 4.568076487917865219e-02
1.898201785664166766e-02 -3.130535454550936736e-02 8.103987430387477389e-03
-1.377215817179797781e-03 -2.153877660965428445e-03 -2.204901672555481182e-02
-7.572106101127760243e-05 -9.463278020374261620e-03 -5.516759989615090815e-03
5.525344730754257194e-03 1.275509098124891216e-02 8.242692576397696314e-04
-2.382616914179277318e-02 2.568440568584245617e-02 -9.592223267931586361e-02
1.830678573971491726e-03 -7.598446246401241444e-02 -4.712639080280599246e-02
1.998946489464822115e-03 -3.690569187994114514e-03 1.729350297592737590e-02
-1.205136007806237829e-02 4.665230460499017462e-02 1.325005898032529002e-02
6.115781130230316803e-03 4.504767669320883239e-03 -1.505920592896455891e-02
-7.132429786709206486e-03 3.520616734099209222e-02 -1.537292890272969059e-04
-1.547141901597398443e-03 -1.552756634452307806e-02 -2.709991098331224549e-02
-8.292341967143099929e-03 -1.953091765508924160e-02 1.869447907408862668e-03
1.507171656270841782e-03 1.764971577085695797e-04 2.387168455435389330e-03
-7.903433650681388617e-03 -1.290419443019806545e-02 1.225575928863987044e-02
1.367081811706475497e-02 -3.958004056940703230e-02 -1.280289670700705124e-02
-1.660254358212153239e-02 3.575586499951531605e-02 -1.358546661577021003e-03
2.169466352345563245e-02 -3.334597301216702531e-02 6.385478935891582318e-04
-3.810092160972784314e-03 -1.563792616778401229e-02 -1.926740011178906462e-02
7.859316675561358462e-03 -1.755055240570473074e-02 -2.076772494202854327e-02
-1.202415813238326761e-02 -4.302835483785232701e-02 -4.420346878693080447e-03
-1.525084760105273850e-02 -1.394850315860945988e-02 -2.335026108689014501e-02
9.957215555718762837e-03 3.717579472951997033e-02 5.114946474275463423e-02
1.607519076946829729e-03 -3.389502021513030039e-03 -3.979625293917993245e-02
1.023864780240336947e-02 -6.641644902591059552e-03 5.383692398144705391e-03
-4.547051887963860298e-03 -4.924464002710492172e-02 1.029710237817357300e-02
-1.142422749107221101e-02 5.009862850777917209e-03 -1.193604457162385640e-01
-2.249911216422979636e-03 9.395464547898163543e-03 -5.791340551882273591e-02
2.184050379789771040e-02 2.582256059350318544e-02 1.416678205988960715e-01
-2.145913096596083550e-02 2.185081829697011965e-02 4.967870360664813217e-02
2.956901154057402312e-04 -7.199942212096052674e-02 -8.672675418733588604e-02
2.867704165480595632e-02 8.514566481067091519e-02 5.210976502110568204e-02
1.346018321159654814e-02 1.308305530987244336e-01 2.375464195314307483e-02
-1.521256390798617335e-03 8.877721117061512790e-02 6.748728771583718811e-02
-1.355295607280104959e-02 3.467579223530720123e-03 -2.051936218683936622e-02
-1.138308974236827914e-03 -4.597207419252053590e-02 -1.553717643208660237e-02
2.122350553181555008e-02 1.089305632966856147e-02 -1.354653276577174638e-02
-1.024349968714354658e-02 -4.944349208735296375e-02 -1.632743998101090221e-01
-8.262378342433372366e-03 -1.852032571902589853e-02 4.725391332145642553e-02
2.255789985707289894e-03 5.704127245221636555e-02 2.595355551071160116e-02
-1.597601259087581133e-02 1.459229687193853708e-01 1.265800480100705561e-01
2.162983876977581446e-02 -7.671928205514855215e-02 3.760790582986391333e-03
-5.704065603126620004e-02 6.979911669668090179e-03 9.656737247159839777e-03
1.284108559393730767e-02 5.358250874740760894e-03 1.749438733213580857e-02
3.683621994632405722e-03 -3.765046327887199007e-02 1.387659018928132440e-02
-6.449253021184319333e-03 1.502291397401431527e-01 5.968539965044285939e-02
2.418081711777500531e-03 2.983723681646148207e-01 -4.305706643826584523e-02
-1.335370442640145851e-02 -3.871335617909588134e-02 -9.059578752245950328e-02
1.373037508880371738e-02 -5.617539044070203602e-02 5.921015579494737918e-02
5.150574511099567654e-02 3.625752711835927844e-02 2.311212792373248670e-01
-6.769057922270589611e-02 -5.164760063197640361e-02 1.790424554596935919e-02
2.201715622374012318e-02 -3.129954521446678961e-01 -1.137695152559531180e-02
-5.537509061398623519e-03 7.031131502894207019e-02 -7.785885075814362455e-02
2.641436464371966358e-02 7.350497892243275377e-02 5.457279094223305149e-03
-1.116534177010763268e-02 -3.790986846035393487e-02 -4.600315983964730487e-02
3.103806258353663042e-02 -2.019770633765754775e-01 1.669652906955399613e-02
-3.050109386624487440e-02 5.914987109187413994e-01 1.331532959948579231e-01
4.956558944162718638e-02 -1.846343050915260076e-01 5.758778594749985880e-01
1.477375472860934826e-02 -2.354664895600574737e-01 -4.598968949145931795e-02
2.448219931328991794e-02 -8.597349307042502498e-02 -1.742115208053977571e-01
-1.836312663533922959e-02 1.929979032274040107e-02 -3.528835134711535981e-02
-1.661840367579443117e-02 2.036038512823932015e-02 -1.436250751806495141e-01
3.407062604766068065e-02 -1.130520291799477217e-01 4.452158135178302945e-01
-2.964304484294762176e-02 -2.498221560492363061e-02 -2.143873596609791043e-02
6.640304816426213785e-02 -7.558857319943969311e-02 2.402464544547353031e-01
1.706568066160380620e-02 2.985255461619423789e-02 1.028171023725998057e-01
-9.714217785520824419e-03 6.521611716253299801e-03 1.913242575547547883e-02
3.680572037599015058e-03 -7.617983184476026515e-03 -2.018727272796580485e-02
-9.881805308024353869e-04 -8.521360542745402833e-03 -9.390512278433823037e-03
1.430445794038202184e-03 -1.472956652823535773e-02 -2.577441367422757951e-02
8.774644580677781747e-03 1.706009149391823215e-03 3.158578947779947660e-02
-1.336698202698011033e-03 -7.711232461613613809e-02 8.659033082599153219e-03
-1.874340420978658217e-02 -3.626295013708369375e-04 1.237064311659599736e-02
-3.611943458970919701e-02 -1.389444499860353899e-02 -5.022178066968890908e-03
-3.978956555380094851e-02 1.041579993173964158e-01 5.848975911086511104e-03
2.024644381681285632e-02 -8.168799633297070539e-02 -5.729096598579727639e-02
-5.833226014111094621e-02 7.108689024304504223e-02 -2.082188560570900904e-02
-1.984227201809775007e-02 -2.960370666428835396e-02 -1.264293961259954635e-02
3.451247534853332105e-02 4.588864778283751472e-02 8.537080018791880220e-03
-6.093940065550567525e-02 1.676652117058344618e-02 1.729060862642892160e-02
-1.007240528019770764e-01 -2.605406762201911697e-02 2.744209006784209537e-02
4.805810964882169939e-02 -1.254390256490541533e-01 -2.109518869251247875e-02
7.574400929372386571e-02 -4.325577852280396152e-02 -4.594207172503808612e-02
-1.055400446083958610e-01 4.550838854871235017e-02 -3.253623345528879052e-02
5.159396036053554707e-02 -1.839143951737520766e-02 5.464182811846460958e-02
-8.716008359635639413e-02 -5.109054683057370760e-02 -3.125103841782078673e-02
-1.251923142692950019e-01 8.615300751204471585e-02 2.623010899500566317e-02
2.558002879047449260e-02 -8.217887911743312901e-03 -2.160554233053269338e-02
-3.097824554103415645e-02 -1.385544549949990767e-04 -1.445431931799459613e-02
2.900048001840231301e-02 9.753814251684256309e-04 3.673355723132110812e-02
1.197253263782837723e-01 8.394928854520478101e-03 -2.767605649470344931e-03
3.419048592714096779e-02 1.444180665880314893e-02 -1.414851319684620745e-02
3.246936151451241398e-02 -5.559007838896679043e-03 3.628896261809764351e-02
2.308474623368708123e-01 4.204754009993511010e-03 -3.828464293224773107e-02
-1.321560105795981377e-01 -3.938358776513106729e-03 3.728480089343677584e-03
2.295488260499249644e-02 6.719553575926517919e-03 2.742569014085455281e-04
5.267545980620131491e-02 2.357287861210588531e-03 -1.601824195304129422e-02
-3.380192524736339577e-01 -3.174365626487238301e-02 2.957004464065134813e-02
-8.306386283610759369e-01 -7.733358249916882921e-02 7.439459913653655165e-02
