-1.422201208086976365e+00
-1.422347294314378008e+00
-1.422172504679005467e+00
-1.422193026356240564e+00
-1.424040069901180150e+00
-1.425342813528314823e+00
-1.425700822499609277e+00
-1.426440830999569975e+00
-1.426559912439422373e+00
-1.426586004772797622e+00
-1.452719143694371162e+00
-1.463043437280334036e+00
-1.463585542513677895e+00
-1.463587999835014752e+00
-1.463609924033437926e+00
-1.467061057682770064e+00
-1.466140170627984185e+00
-1.466241687415642314e+00
-1.466370992099931492e+00
-1.466642906918066647e+00
-1.466911570006144139e+00
-1.467045775854122658e+00
-1.467472738821136602e+00
-1.467487999468609416e+00
-1.467566472260443566e+00
-1.468080372924310151e+00
-1.468353956204570210e+00
-1.468560608205600637e+00
-1.469027035765759326e+00
-1.470917831341325588e+00
-1.471146910175566092e+00
-1.471402443314923314e+00
-1.471966721029157821e+00
-1.471135410956260436e+00
-1.471160487436702358e+00
-1.471601110865245143e+00
-1.471685696949514455e+00
-1.472919060871435315e+00
-1.473022147405959714e+00
-1.473449220594771569e+00
-1.478760016025653767e+00
-1.475234000555698755e+00
-1.474295378435277470e+00
-1.473010258428910646e+00
-1.473284482757746927e+00
-1.473890615444235053e+00
-1.473915400428895905e+00
-1.474181552966542741e+00
-1.475313098145971002e+00
-1.477409147070402495e+00
-1.486661471451280025e+00
-1.488522254844894643e+00
-1.569623411776446043e+00
-1.676403482009440005e+00
-1.676409354560832732e+00
-1.676481579029328373e+00
-1.677648789111459315e+00
-1.680434871586648837e+00
-1.690130544371532650e+00
-1.690385470477168806e+00
-1.691291360560006396e+00
-1.698521100968574782e+00
-1.699974274984425104e+00
-1.704900383814181186e+00
-1.706026962486068221e+00
-1.718718445285886132e+00
-1.719011751286315892e+00
-1.719135663604381081e+00
-1.719511083678092245e+00
-1.720568724306012598e+00
-1.739191964043576455e+00
-1.752033220654698908e+00
-1.752151959024483396e+00
-1.756616072204576273e+00
-1.756779971924741002e+00
-1.757042033004070358e+00
-1.774989221340161238e+00
-1.775028221479682422e+00
-1.775331387383415116e+00
-1.775331691329840256e+00
-1.776659878800464831e+00
-1.828125782101317487e+00
-1.828913782050789694e+00
-1.831265834464195219e+00
-1.840906353433460207e+00
-1.841916140586403516e+00
-1.841960701870069661e+00
-1.842274743841394891e+00
-1.842685556534706670e+00
-1.843162344054225521e+00
-1.843175657255676114e+00
-1.843421373453618228e+00
-1.843452851387311853e+00
-1.843473473056268963e+00
-1.843535646720706023e+00
-1.844410283683995511e+00
-1.844616669603818870e+00
-1.849989253664005684e+00
-1.850516635014124223e+00
-1.853538099186389676e+00
-1.853764116883148461e+00
-1.853974841765381631e+00
-1.853956035500407218e+00
-1.854517422050117492e+00
-1.854757868062059334e+00
-1.854791946606340503e+00
-1.855257355548342924e+00
-1.855228622555076035e+00
-1.855316172849093004e+00
-1.854884691614408609e+00
-1.855031899446385024e+00
-1.855186807847382102e+00
-1.855362016565263117e+00
-1.855282181605499625e+00
-1.855281038203658195e+00
-1.855500016136595987e+00
-1.855506247532478614e+00
-1.856101236712000890e+00
-1.853731816333945126e+00
-1.853905451728481202e+00
-1.854031251070639374e+00
-1.854297531535549659e+00
-1.854007144092321369e+00
-1.854727286151778287e+00
-1.854893184227664360e+00
-1.854808014296792429e+00
-1.854999736894586082e+00
-1.855888048674127599e+00
-1.856439724709284533e+00
-1.856439304746936969e+00
-1.856571539681969529e+00
-1.856667657801810645e+00
-1.856764893063583388e+00
-1.857293584817397702e+00
-1.857468200611182230e+00
-1.857392617841741478e+00
-1.857426526363033403e+00
-1.859912671876708945e+00
-1.860152036944880738e+00
-1.860164989725559215e+00
-1.860545882053958433e+00
-1.860596780396864824e+00
-1.861192174766364449e+00
-1.861335892351019483e+00
-1.861309106002143610e+00
-1.861689018546740293e+00
-1.862242847429238957e+00
-1.862278574851179647e+00
-1.862348601454460795e+00
-1.862675669485948982e+00
-1.862711190332501765e+00
-1.862749516463798605e+00
-1.862930127742202790e+00
-1.862960209999924288e+00
-1.862996609856340635e+00
-1.862987052428741297e+00
-1.863065317144167787e+00
-1.863364168085837935e+00
-1.863595329500557618e+00
-1.863606147321094753e+00
-1.863600189178228561e+00
-1.863824145833701706e+00
-1.863911904802940889e+00
-1.863919832871793858e+00
-1.864057607555980933e+00
-1.864190489717431953e+00
-1.864203849519038059e+00
-1.864209470885892284e+00
-1.864215792274860339e+00
-1.864223064582930522e+00
-1.864345139035603172e+00
-1.864360880622080385e+00
-1.864416583649739723e+00
-1.864432594154826983e+00
-1.864464171334520248e+00
-1.864434655621458159e+00
-1.864487408021148207e+00
-1.864488435942397659e+00
-1.864507712734141620e+00
-1.864530755667274331e+00
-1.864685075233914358e+00
-1.864691590735071625e+00
-1.864700117876783469e+00
-1.864701665824167520e+00
-1.864900734380963154e+00
-1.864908296851279790e+00
-1.864912557200574028e+00
-1.864913344342133072e+00
-1.864921234429285812e+00
-1.864923406558564478e+00
-1.864955658874154931e+00
-1.864956093489841260e+00
-1.864971854893478609e+00
-1.864983368464328439e+00
-1.864983611271703534e+00
-1.865014338190858378e+00
-1.865090175054371135e+00
-1.865089886647716577e+00
-1.865135190575395452e+00
-1.865110192271137279e+00
-1.865130640362542724e+00
-1.865170738543850515e+00
-1.865248641167103205e+00
-1.865242342287571020e+00
-1.865241953356683080e+00
-1.865158075881382382e+00
-1.865165686534177691e+00
-1.865170735734617669e+00
-1.865161864261931868e+00
-1.865150104847194124e+00
-1.865163918801826748e+00
-1.864955698245969629e+00
-1.864974487189735797e+00
-1.865223911332734463e+00
-1.865847514914415139e+00
-1.865980146807038942e+00
-1.866103021283197716e+00
-1.866362898995940434e+00
-1.866775576252982072e+00
-1.867035918721806409e+00
-1.868072167599620581e+00
-1.870560659136669468e+00
-1.871220315438303583e+00
-1.871447139336413601e+00
-1.872594811491666178e+00
-1.872873757800745276e+00
-1.873001651508267251e+00
-1.873378684544645623e+00
-1.873386207314176932e+00
-1.873402541302670699e+00
-1.873415998547368400e+00
-1.873458022553968316e+00
-1.873579605518568059e+00
-1.873363547011715369e+00
-1.873301128781386327e+00
-1.873330782835231023e+00
-1.873315031963824318e+00
-1.873325603499276237e+00
-1.873389859789262868e+00
-1.873390131859954622e+00
-1.873389260554960245e+00
-1.873402474992098998e+00
-1.873417289074156278e+00
-1.873543176973646585e+00
-1.873571127600780262e+00
-1.873571182019211800e+00
-1.873569455681100671e+00
-1.873567751002265247e+00
-1.873573184946949244e+00
-1.873572690585548983e+00
-1.873618466192885412e+00
-1.873620157748320691e+00
-1.873625594764631863e+00
-1.873685711716221558e+00
-1.873655629299959102e+00
-1.873708137319832323e+00
-1.873708137334720192e+00
-1.873655629313164317e+00
-1.873685711735833426e+00
-1.873625594930222071e+00
-1.873620157741112013e+00
-1.873618466195739796e+00
-1.873572690592356427e+00
-1.873573184946481840e+00
-1.873567748598741867e+00
-1.873569448732611775e+00
-1.873571182026291027e+00
-1.873571127610072606e+00
-1.873425859302070728e+00
-1.873417289074794212e+00
-1.873402474993988598e+00
-1.873389262931921095e+00
-1.873390133645211231e+00
-1.873324375495673211e+00
-1.873325603498116942e+00
-1.873315031963823873e+00
-1.873271283662578224e+00
-1.873301128805301641e+00
-1.873363546108605782e+00
-1.873579605532487147e+00
-1.873458018406834569e+00
-1.873415998483781930e+00
-1.873402541265854815e+00
-1.873386207314664764e+00
-1.873378684532459815e+00
-1.873001651506754239e+00
-1.872873757794571326e+00
-1.872594811485888133e+00
-1.871447139336355425e+00
-1.871220315439985793e+00
-1.870560659136329296e+00
-1.868072167598807010e+00
-1.867035860589437712e+00
-1.866775576253485225e+00
-1.866362898995929998e+00
-1.866103021300801412e+00
-1.865980146807087570e+00
-1.865847514748221192e+00
-1.865223911332625661e+00
-1.864974487189739349e+00
-1.864955698422294805e+00
-1.865163905182257054e+00
-1.865150105172101780e+00
-1.865161864260462821e+00
-1.865170731797949122e+00
-1.865165686423592373e+00
-1.865158073147018092e+00
-1.865241951744036175e+00
-1.865242341521988312e+00
-1.865248640753411236e+00
-1.865170724606528774e+00
-1.865130640364081049e+00
-1.865110168433881332e+00
-1.865135182054301843e+00
-1.865089886750707304e+00
-1.865090175269673356e+00
-1.865014338189713072e+00
-1.864983495593175888e+00
-1.864983368458561941e+00
-1.864971854893374470e+00
-1.864956095285908333e+00
-1.864955658874567046e+00
-1.864923406538182560e+00
-1.864921234460370059e+00
-1.864913294148188294e+00
-1.864912557219844169e+00
-1.864906314974013046e+00
-1.864900734379472347e+00
-1.864701665823944587e+00
-1.864700117876806118e+00
-1.864683745111562763e+00
-1.864685075233807554e+00
-1.864530755668106998e+00
-1.864507712733732170e+00
-1.864488435876406225e+00
-1.864487408010834901e+00
-1.864434655621574066e+00
-1.864464171359669464e+00
-1.864432594154140199e+00
-1.864416583655760906e+00
-1.864360880616362737e+00
-1.864345139057960621e+00
-1.864223064582666289e+00
-1.864215792270634164e+00
-1.864209470886104114e+00
-1.864203849536734570e+00
-1.864190489696619490e+00
-1.864057607569181041e+00
-1.863919920858539081e+00
-1.863911904824625987e+00
-1.863824144559316220e+00
-1.863600189197771151e+00
-1.863606147310552519e+00
-1.863595329502397924e+00
-1.863364168126588893e+00
-1.863065317140258692e+00
-1.862987052428710211e+00
-1.862882349344525679e+00
-1.862960209866393768e+00
-1.862930127739300445e+00
-1.862749516443663156e+00
-1.862711190334343403e+00
-1.862675669481630436e+00
-1.862348601455745101e+00
-1.862278575084770349e+00
-1.862242847431730741e+00
-1.861689018543826846e+00
-1.861309105999926494e+00
-1.861335892365319822e+00
-1.861192168288552162e+00
-1.860596780398089845e+00
-1.860545882051004352e+00
-1.860164989720603845e+00
-1.860152036945914578e+00
-1.859912671802247175e+00
-1.857426526740233452e+00
-1.857392617837335669e+00
-1.857468200605692399e+00
-1.857293584816532839e+00
-1.856764893064628108e+00
-1.856667657804254912e+00
-1.856571539541303828e+00
-1.856439304745345797e+00
-1.856439724624297627e+00
-1.855888048673257407e+00
-1.855911260326106538e+00
-1.855884462840694082e+00
-1.855890950096307224e+00
-1.856020386770637742e+00
-1.856042196423400625e+00
-1.856312598481941523e+00
-1.856399666836155316e+00
-1.856404257750982723e+00
-1.856400127703625280e+00
-1.856100917088447266e+00
-1.855506247957892763e+00
-1.855500016128928120e+00
-1.855281050460730441e+00
-1.855282181601021207e+00
-1.855362016563168348e+00
-1.855186805349120283e+00
-1.855031898182408767e+00
-1.855068457531006354e+00
-1.855316172853049617e+00
-1.855228622398950034e+00
-1.855257355547476283e+00
-1.855413653084080572e+00
-1.856210817072053931e+00
-1.856453568914278707e+00
-1.856328302817877418e+00
-1.856560101167969323e+00
-1.856343976006779473e+00
-1.856473194565224638e+00
-1.856486806135649648e+00
-1.857072099301235513e+00
-1.856824809748975458e+00
-1.855334255114561515e+00
-1.855345061753494784e+00
-1.855232880472432733e+00
-1.855515028449278736e+00
-1.855603887730929547e+00
-1.856011353758483473e+00
-1.856301821110431849e+00
-1.856276464131394022e+00
-1.856304032141137927e+00
-1.856322848238044720e+00
-1.856479150257269062e+00
-1.858829653906036938e+00
-1.856677965970691790e+00
-1.857954456805501309e+00
-1.857798620517855159e+00
-1.857961252967759380e+00
-1.857910937375304439e+00
-1.857922251010963643e+00
-1.857962005686422557e+00
-1.856709231017333206e+00
-1.857193396191671120e+00
-1.858213378084745404e+00
-1.860075917048520378e+00
-1.859649515493937866e+00
-1.860990363066845177e+00
-1.859269915691401653e+00
-1.856293986443884325e+00
-1.856277727670601507e+00
-1.856963957090024486e+00
-1.857163747000007303e+00
-1.857579444771704225e+00
-1.857906222827296894e+00
-1.858505303169002865e+00
-1.862855522157892851e+00
-1.863544743109090795e+00
-1.863739120922905723e+00
-1.863755837755288081e+00
-1.864432326633094883e+00
-1.864548825569545709e+00
-1.864860515256677509e+00
-1.864443450408055591e+00
-1.864448763499780171e+00
-1.866196969208673506e+00
-1.864101420626838923e+00
-1.863922315614513714e+00
-1.864132975493694167e+00
-1.864136697051330227e+00
-1.864587569184807059e+00
-1.864447904121530497e+00
-1.864453296363667079e+00
-1.864457706502683720e+00
-1.864492574624332821e+00
-1.864547553451906925e+00
-1.864739613617397485e+00
-1.864735590748825222e+00
-1.864800869346114442e+00
-1.864810533990417074e+00
-1.864898836574017338e+00
-1.864921131736685167e+00
-1.864952320706553701e+00
-1.864975340304307672e+00
-1.865045841997930998e+00
-1.865046002311300022e+00
-1.865128036875331574e+00
-1.865197146921328208e+00
-1.865278653805740205e+00
-1.865407643163387696e+00
-1.865407996158384929e+00
-1.865411895219721838e+00
-1.865414484592065270e+00
-1.865473681017050467e+00
-1.865559388433880361e+00
-1.865573730515605710e+00
-1.865564618129628816e+00
-1.865863321624778859e+00
-1.865943337125744339e+00
-1.865951337590865400e+00
-1.865976634146610191e+00
-1.865994758069875692e+00
-1.866092356073296266e+00
-1.865705175050405007e+00
-1.866017654996608321e+00
-1.866017085773368001e+00
-1.866026959059670753e+00
-1.866098996271213784e+00
-1.866188467579004806e+00
-1.866138938257110080e+00
-1.866169311306371537e+00
-1.866190525242864329e+00
-1.866269205217109040e+00
-1.866283612088313060e+00
-1.866259663907633648e+00
-1.866281921352080930e+00
-1.866310496038350308e+00
-1.866350325689054124e+00
-1.866373160255357266e+00
-1.865966975527386218e+00
-1.865965244512600485e+00
-1.865927135350290644e+00
-1.865915453645787148e+00
-1.865916482664821796e+00
-1.865927602396763252e+00
-1.865918842774428432e+00
-1.865893899583073834e+00
-1.865882001329924211e+00
-1.865863939624558654e+00
-1.865879056567081529e+00
-1.865476308019909712e+00
-1.865429298934493163e+00
-1.865432509364370439e+00
-1.865431422009153017e+00
-1.865432514728970315e+00
-1.865538050213927157e+00
-1.865532368513342698e+00
-1.865492612210081891e+00
-1.865481364248807727e+00
-1.865441295765485119e+00
-1.865418243791971964e+00
-1.865127311241644659e+00
-1.865109342897713685e+00
-1.865108906992348325e+00
-1.865024154203954287e+00
-1.864998628008788240e+00
-1.864997118203477022e+00
-1.864989359965472993e+00
-1.865015616763895157e+00
-1.864650784701786579e+00
-1.864660598475900377e+00
-1.864580123991216531e+00
-1.864552020909706620e+00
-1.864482476782034492e+00
-1.864527369069591156e+00
-1.864468446414261349e+00
-1.864453641079705015e+00
-1.864384696672732433e+00
-1.864307183218625319e+00
-1.864307837457486627e+00
-1.864193543280330267e+00
-1.864190849264125927e+00
-1.864003803483948118e+00
-1.863990425770050585e+00
-1.863994099070005017e+00
-1.863965037495205479e+00
-1.863964575232262000e+00
-1.863964765273212532e+00
-1.863812739582720424e+00
-1.863566513582433304e+00
-1.862728435542238659e+00
-1.862936644194439051e+00
-1.859512725517143750e+00
-1.859534176139968409e+00
-1.859573375292112640e+00
-1.860274654914119363e+00
-1.859922907112692148e+00
-1.860655860638625869e+00
-1.860060343200405475e+00
-1.860061875139026544e+00
-1.860071915546631871e+00
-1.860948260662965925e+00
-1.860328568300738450e+00
-1.859479912921649269e+00
-1.860370701900018853e+00
-1.860454517200667901e+00
-1.860559871980692170e+00
-1.859987869568892060e+00
-1.860023732584914491e+00
-1.860562238786782840e+00
-1.861344474943186222e+00
-1.859930524174060018e+00
-1.860990920738428311e+00
-1.859706129328380975e+00
-1.859410104750536918e+00
-1.859881643379570848e+00
-1.857116663348615582e+00
-1.859442719691639656e+00
-1.859449587669923298e+00
-1.859571851205861215e+00
-1.860074033245205705e+00
-1.861056931037747386e+00
-1.860856446403557740e+00
-1.861461850326663336e+00
-1.861743588917207148e+00
-1.862383652484280505e+00
-1.862307080494475020e+00
-1.862388082734820038e+00
-1.862456346909611593e+00
-1.862398758419731903e+00
-1.862336832975933110e+00
-1.862251502993631735e+00
-1.862462391941102080e+00
-1.862306843407876888e+00
-1.862286739720899753e+00
-1.863758776207996348e+00
-1.861835353818141581e+00
-1.859018573360143423e+00
-1.859116120503587766e+00
-1.859081703656794371e+00
-1.859685337559378926e+00
-1.859464495981532295e+00
-1.860561121903484549e+00
-1.860428979682078765e+00
-1.860074289531809866e+00
-1.859915764166245822e+00
-1.860127061587685260e+00
-1.860129978290054664e+00
-1.860553782551525259e+00
-1.860500887218163424e+00
-1.860721348741438463e+00
-1.861161899329008662e+00
-1.861032527281969884e+00
-1.861055486956228577e+00
-1.861173535008695978e+00
-1.861484938989500293e+00
-1.861923825465176652e+00
-1.862673288298609897e+00
-1.862657878138673784e+00
-1.862730980132600855e+00
-1.862736359998474978e+00
-1.862688964433683259e+00
-1.862716216930929924e+00
-1.862729382576840731e+00
-1.862727193334995812e+00
-1.862755398554974740e+00
-1.862744743321687491e+00
-1.863148559446694552e+00
-1.863143385311864852e+00
-1.863164006296735620e+00
-1.863267397605393283e+00
-1.863280721938203488e+00
-1.864248394351893268e+00
-1.864441795558160253e+00
-1.864396097943584074e+00
-1.864426619601393220e+00
-1.865119410589001436e+00
-1.865436956315859263e+00
-1.865532923775991891e+00
-1.865807387212601975e+00
-1.866051909485933802e+00
-1.866512005138719399e+00
-1.866874230072197216e+00
-1.866843188712075108e+00
-1.867106106536327914e+00
-1.867763487227569907e+00
-1.867791960886609370e+00
-1.867919412014300562e+00
-1.868204159673616971e+00
-1.868241444510049698e+00
-1.868267598321912581e+00
-1.868797141004624018e+00
-1.868840244313835663e+00
-1.868878787387131091e+00
-1.868881059002544642e+00
-1.869017521669024795e+00
-1.869080017110585246e+00
-1.869169718417181825e+00
-1.869170291289131258e+00
-1.869165104142329392e+00
-1.869503724979990400e+00
-1.869617002442170772e+00
-1.869625351925279677e+00
-1.869698729048575592e+00
-1.869815850956114023e+00
-1.869847636186838136e+00
-1.869853585586815470e+00
-1.869859188224632263e+00
-1.869860541656233721e+00
-1.869946972141353525e+00
-1.869946881439146003e+00
-1.870058820988936388e+00
-1.870108481947897694e+00
-1.870131260345045288e+00
-1.870120891130411245e+00
-1.870162409048690577e+00
-1.870163845756671384e+00
-1.870169064016512062e+00
-1.870227934806531378e+00
-1.870351957514593266e+00
-1.870353923876457936e+00
-1.870354058974694533e+00
-1.870365982742134170e+00
-1.870553694254169619e+00
-1.870554198825136183e+00
-1.870562655826403464e+00
-1.870568004559093334e+00
-1.870570805811984982e+00
-1.870592056335849129e+00
-1.870663413151162580e+00
-1.870663576827737540e+00
-1.870677209332063384e+00
-1.870699716546648350e+00
-1.870705171899960551e+00
-1.870705743024548839e+00
-1.870749574538992821e+00
-1.870763485925519998e+00
-1.870858409576196424e+00
-1.870877812357228054e+00
-1.870883962586542548e+00
-1.870938578513792860e+00
-1.870952357885897754e+00
-1.870959135253138506e+00
-1.870964909351711558e+00
-1.870972046078907436e+00
-1.871011875392843304e+00
-1.871028458007052420e+00
-1.871048892367428440e+00
-1.871083739366096399e+00
-1.871086937007578221e+00
-1.871086943450482210e+00
-1.871090256849288647e+00
-1.871261393700152764e+00
-1.871453886679395939e+00
-1.871487447777128166e+00
-1.871559930701624186e+00
-1.871693440228663796e+00
-1.871947261650170891e+00
-1.872119531175373108e+00
-1.872987536192658453e+00
-1.874779322192569264e+00
-1.875480252832865791e+00
-1.875704438388989370e+00
-1.876500668676490235e+00
-1.876765091893001891e+00
-1.876939628876777677e+00
-1.876667850411610328e+00
-1.876762881110188186e+00
-1.876776638595605728e+00
-1.876593787076455300e+00
-1.876092525404182698e+00
-1.876050200278113422e+00
-1.876021512982977590e+00
-1.875970676485482880e+00
-1.875964004575702893e+00
-1.875970681466677448e+00
-1.876043478296061551e+00
-1.876037189654214288e+00
-1.876047385849946014e+00
-1.876046813445519934e+00
-1.876055264911689946e+00
-1.876068334094655565e+00
-1.876120968330709626e+00
-1.876085179854913187e+00
-1.876167585391556925e+00
-1.876170710836571498e+00
-1.876169202747063336e+00
-1.876179887433182536e+00
-1.876180210355736566e+00
-1.876182275870807104e+00
-1.876184839130419002e+00
-1.876185044604272267e+00
-1.876188750639637970e+00
-1.876195708570862042e+00
-1.876263260374686714e+00
-1.876263260382924347e+00
-1.876195708574093235e+00
-1.876188750666888172e+00
-1.876185044604476104e+00
-1.876184839131947335e+00
-1.876182275870914795e+00
-1.876180210338418419e+00
-1.876179887434611837e+00
-1.876169202651094547e+00
-1.876170597291314301e+00
-1.876167585390867476e+00
-1.876085179855566887e+00
-1.876073547350295634e+00
-1.876068334094629364e+00
-1.876055264895114316e+00
-1.876046816252794569e+00
-1.876047385838634618e+00
-1.876037195190441320e+00
-1.876043478300988498e+00
-1.875970684066805561e+00
-1.875963995212955870e+00
-1.875970676482526800e+00
-1.875988987259727736e+00
-1.876050197041428946e+00
-1.876092477814519821e+00
-1.876593785220534993e+00
-1.876776631164564169e+00
-1.876756568241122469e+00
-1.876666577518447454e+00
-1.876939599627031274e+00
-1.876765092331702967e+00
-1.876500668887676415e+00
-1.875702967380600716e+00
-1.875480252801349890e+00
-1.874779322204112475e+00
-1.872987536204764547e+00
-1.872119491891669707e+00
-1.871947261650102057e+00
-1.871693440227778726e+00
-1.871559930658649007e+00
-1.871487447843987129e+00
-1.871453886682006074e+00
-1.871261393708857579e+00
-1.871090256849412770e+00
-1.871086904198710599e+00
-1.871086937119662341e+00
-1.871083739365027698e+00
-1.871048892367671801e+00
-1.871028457960498326e+00
-1.871011875393015167e+00
-1.870972046078446249e+00
-1.870964909351777283e+00
-1.870959135253814853e+00
-1.870952357890111273e+00
-1.870938578277780762e+00
-1.870883962594854122e+00
-1.870877812364808879e+00
-1.870858409560382407e+00
-1.870763485926250080e+00
-1.870749574544925853e+00
-1.870705743024355883e+00
-1.870705171899980090e+00
-1.870699716547322033e+00
-1.870677209332069602e+00
-1.870663575849456528e+00
-1.870663413148001775e+00
-1.870592056335850684e+00
-1.870570805812078463e+00
-1.870568004558589070e+00
-1.870562655826092824e+00
-1.870554316528857619e+00
-1.870553694256162913e+00
-1.870365982738602106e+00
-1.870354058974635914e+00
-1.870350356272946213e+00
-1.870351957513318508e+00
-1.870227934808196490e+00
-1.870169064012966453e+00
-1.870163845760523413e+00
-1.870162409047237739e+00
-1.870120891129691376e+00
-1.870131260339382928e+00
-1.870108481947013068e+00
-1.870058820991234994e+00
-1.869946881438803166e+00
-1.869946972177737754e+00
-1.869860541662481168e+00
-1.869859188225245772e+00
-1.869853585574361876e+00
-1.869847636180955730e+00
-1.869815850954874570e+00
-1.869698729047409413e+00
-1.869625351925007894e+00
-1.869617002434838859e+00
-1.869503724972909620e+00
-1.869165104147284096e+00
-1.869170291380191529e+00
-1.869169718420019333e+00
-1.869080016971530700e+00
-1.869017521570216944e+00
-1.868881058953016039e+00
-1.868878787367884931e+00
-1.868840244309843301e+00
-1.868797141006210971e+00
-1.868267598320679568e+00
-1.868241444516202332e+00
-1.868204159670132647e+00
-1.867919411782243966e+00
-1.867791960883122826e+00
-1.867763487188439431e+00
-1.867106106532601117e+00
-1.866843188710895607e+00
-1.866874230073374497e+00
-1.866512005055553702e+00
-1.866051909486043048e+00
-1.865807387265934203e+00
-1.865532923721408221e+00
-1.865436956291675052e+00
-1.865119410604169525e+00
-1.864426618723544982e+00
-1.864396097947310427e+00
-1.864441795571917915e+00
-1.864248394350882521e+00
-1.863280721937895068e+00
-1.863267397592190955e+00
-1.863164006293819730e+00
-1.863143385310755296e+00
-1.863148559407399318e+00
-1.862744743322454877e+00
-1.862596084511623840e+00
-1.862367352924223507e+00
-1.862418930397749195e+00
-1.862363131452197784e+00
-1.862323644855351290e+00
-1.862343246535205665e+00
-1.862264394597511696e+00
-1.862080516228225457e+00
-1.861908449291626688e+00
-1.861923826708798746e+00
-1.861484939068618782e+00
-1.861173535089813758e+00
-1.861031585622590745e+00
-1.861032527281911708e+00
-1.861161899346338133e+00
-1.860721348739394987e+00
-1.860500884389067133e+00
-1.860262336912914316e+00
-1.860129978290492092e+00
-1.860127061500104650e+00
-1.859915763193042748e+00
-1.860074288269184972e+00
-1.860948317919576045e+00
-1.861156648377884970e+00
-1.861499856748323189e+00
-1.861626351362982712e+00
-1.861475766208411375e+00
-1.861551827509142498e+00
-1.862562601854998334e+00
-1.862775869356623204e+00
-1.861909745466056032e+00
-1.862684924727326941e+00
-1.862638705869847033e+00
-1.863010941190824887e+00
-1.862170215742008583e+00
-1.862247508048905820e+00
-1.862145464707018139e+00
-1.862197385541124905e+00
-1.862233963309580798e+00
-1.862211698015187711e+00
-1.862600795099607964e+00
-1.862651530741478378e+00
-1.863793529801919702e+00
-1.866454498813147733e+00
-1.867078305533987681e+00
-1.868317298990187503e+00
-1.858715864556596653e+00
-1.858502594463131485e+00
-1.858520366633633181e+00
-1.858564842428127362e+00
-1.864016014774427576e+00
-1.864449604413948691e+00
-1.865226185641272405e+00
-1.866562629151911512e+00
-1.867033024465763802e+00
-1.868028141719985991e+00
-1.868153069990137194e+00
-1.867938502841465453e+00
-1.867933173943873815e+00
-1.868149800484873335e+00
-1.866950445960995353e+00
-1.867222143588917582e+00
-1.867438164585453420e+00
-1.867590276326006826e+00
-1.868550293530405915e+00
-1.868579460412387316e+00
-1.868986787509674397e+00
-1.869392939964434452e+00
-1.867193198773072993e+00
-1.866089487781096068e+00
-1.866121590445665612e+00
-1.864217747213182452e+00
-1.864021809392137019e+00
-1.863964278402037600e+00
-1.863766376359411225e+00
-1.860353426302630675e+00
-1.860635507503834996e+00
-1.859771051239523132e+00
-1.858615034904357310e+00
-1.858617428917862746e+00
-1.858620508200227617e+00
-1.858626711456570213e+00
-1.858483364326662945e+00
-1.858481714144684993e+00
-1.858522454972372895e+00
-1.858930309579708506e+00
-1.858884997331769151e+00
-1.859029656349325599e+00
-1.859134351739613944e+00
-1.859217387182630743e+00
-1.859213571728945080e+00
-1.859485145394185412e+00
-1.859474275576188607e+00
-1.859513348312352043e+00
-1.858781802859126753e+00
-1.859025805571423717e+00
-1.858955561328711648e+00
-1.859670117291327918e+00
-1.859678080602924055e+00
-1.859620597049354673e+00
-1.859674444698611762e+00
-1.859675384343529192e+00
-1.859879908509597168e+00
-1.859889754570435816e+00
-1.860024544192209861e+00
-1.860690854957725016e+00
-1.860479882846331368e+00
-1.860516744602607186e+00
-1.860539911743900543e+00
-1.860809174757500406e+00
-1.860861377675473660e+00
-1.860381728885737385e+00
-1.860382701699774488e+00
-1.860383375980362297e+00
-1.860450503197565553e+00
-1.860677957673906313e+00
-1.861157294007649732e+00
-1.861199087886824310e+00
-1.861273663195788686e+00
-1.861316307205741261e+00
-1.861558227586836312e+00
-1.861586870031466390e+00
-1.861628402193770349e+00
-1.861654745947922240e+00
-1.861658883571798651e+00
-1.861714570166000726e+00
-1.861754269080392099e+00
