-1.489890009794382353e+00
-1.523961056807393577e+00
-1.627642870907067607e+00
-1.639442165991316980e+00
-1.684381890924668834e+00
-1.687130594818198936e+00
-1.716030429239092880e+00
-1.719983192145016826e+00
-1.737737217586514449e+00
-1.739709446166127105e+00
-1.750451551100505876e+00
-1.751093637257553848e+00
-1.752909229757477316e+00
-1.753114531023915568e+00
-1.753114531023917344e+00
-1.752909229757480203e+00
-1.751093637257551627e+00
-1.750451551100506098e+00
-1.750819639715257114e+00
-1.752806966821217394e+00
-1.752782226915430730e+00
-1.757439082989587176e+00
-1.758295092953003680e+00
-1.762566236364829342e+00
-1.763172853366988146e+00
-1.765756436989574851e+00
-1.766224439389881606e+00
-1.767069143021954725e+00
-1.766910456173829580e+00
-1.759814187892732029e+00
-1.759552702813320213e+00
-1.759692969355505898e+00
-1.761945137375681369e+00
-1.761065567441362001e+00
-1.761301476033418023e+00
-1.760028442109692559e+00
-1.760637645901110604e+00
-1.761262581647314640e+00
-1.759722390660952485e+00
-1.760636036833527207e+00
-1.764426505583956750e+00
-1.764607534296665836e+00
-1.764607534296672497e+00
-1.764426505583952309e+00
-1.760636036833526319e+00
-1.759722390660951596e+00
-1.761290317006906747e+00
-1.760726261734045561e+00
-1.760179267251276602e+00
-1.761520067953271873e+00
-1.761341627846649160e+00
-1.762290394588943876e+00
-1.760538614259605117e+00
-1.760390192140441457e+00
-1.760683615484690989e+00
-1.766988825430377164e+00
-1.766988825430376053e+00
-1.760683615484708309e+00
-1.760390192140440568e+00
-1.760543038134636529e+00
-1.762311057608181297e+00
-1.761377148248534752e+00
-1.761524163872674631e+00
-1.760205419174034613e+00
-1.760783491717166083e+00
-1.759420535628578364e+00
-1.759750865389348329e+00
-1.760526798574976848e+00
-1.764156455921745525e+00
-1.764336679074879344e+00
-1.764336679074878678e+00
-1.764156455921744193e+00
-1.760526798574978846e+00
-1.759750865389350327e+00
-1.759424068696501475e+00
-1.760789317657435404e+00
-1.760232801281205628e+00
-1.761551687260955124e+00
-1.761293537007387222e+00
-1.762248623482976173e+00
-1.760503926000618780e+00
-1.760348179379076061e+00
-1.760640982408207211e+00
-1.766964791949496849e+00
