-1.422201208086976365e+00
-1.422347296890827728e+00
-1.422308186667120555e+00
-1.422330836973322743e+00
-1.424156592332542992e+00
-1.425367708834239799e+00
-1.424416825279079646e+00
-1.425421050062564809e+00
-1.425526601075040478e+00
-1.425174811748376902e+00
-1.452285815646576328e+00
-1.463743179939095196e+00
-1.440990936968289393e+00
-1.440995712526597305e+00
-1.441003141262472198e+00
-1.453891919430540192e+00
-1.454180309408557026e+00
-1.454899508583293422e+00
-1.452776760634976627e+00
-1.453396663235530184e+00
-1.453849389764538591e+00
-1.454146833351592338e+00
-1.454324252273665463e+00
-1.454439977153376251e+00
-1.454493405748238377e+00
-1.456718458656361737e+00
-1.457072708843009989e+00
-1.457378271496999389e+00
-1.457816707407148193e+00
-1.459350552892660691e+00
-1.459607663410558587e+00
-1.459604547584424150e+00
-1.460003670144469412e+00
-1.461504130652440114e+00
-1.462611943919504220e+00
-1.463889013797953664e+00
-1.464313751052526147e+00
-1.465514030563912717e+00
-1.465559016666948322e+00
-1.466665368809784376e+00
-1.471625274122946303e+00
-1.471672189911929163e+00
-1.472244253885875764e+00
-1.472258047405228698e+00
-1.472465390814164055e+00
-1.472661126251906483e+00
-1.472761171473642383e+00
-1.472882179382716039e+00
-1.473518549294833058e+00
-1.474787496712264501e+00
-1.489925555536575796e+00
-1.491420847832811258e+00
-1.582360019965526110e+00
-1.686696831480087422e+00
-1.686698003405645574e+00
-1.686724270790277203e+00
-1.687659170908693884e+00
-1.689990242128585063e+00
-1.698589274327015453e+00
-1.699129837507223684e+00
-1.699040105716108640e+00
-1.705755716734107974e+00
-1.708306519402860379e+00
-1.711065189800819342e+00
-1.703869857522259057e+00
-1.721856229496831814e+00
-1.721990930701199574e+00
-1.722088980066649455e+00
-1.695359849886468151e+00
-1.697809556870381043e+00
-1.734551570489971439e+00
-1.756936102624258034e+00
-1.757061700066600007e+00
-1.763231678776938871e+00
-1.763270905483352413e+00
-1.763712850274685051e+00
-1.777750416546842072e+00
-1.778498736275044179e+00
-1.778477157417493126e+00
-1.778477402421436260e+00
-1.779750903865806810e+00
-1.826539941474425000e+00
-1.827455288317336723e+00
-1.830054181600714314e+00
-1.838218071783776386e+00
-1.839273654992369167e+00
-1.839320458858027196e+00
-1.839662804557288034e+00
-1.839984834323927565e+00
-1.840640700948151132e+00
-1.840655869303876147e+00
-1.840694393535015072e+00
-1.840753603746654310e+00
-1.840826235181296733e+00
-1.840839468817108360e+00
-1.841375055661587767e+00
-1.841628797687081098e+00
-1.847088557651215268e+00
-1.847511934102933129e+00
-1.850535635798733702e+00
-1.850734946773530343e+00
-1.851011882415423804e+00
-1.851048684287210699e+00
-1.851512557899048339e+00
-1.851588618980759993e+00
-1.851649178869782864e+00
-1.852366939165875026e+00
-1.852353016970275323e+00
-1.852393155322649365e+00
-1.852550807680423794e+00
-1.852775594365195344e+00
-1.852999114956629390e+00
-1.853170812656987021e+00
-1.853145986613800922e+00
-1.853161682271668997e+00
-1.853244834333550806e+00
-1.853383053196925978e+00
-1.853952296497428875e+00
-1.853984174647317573e+00
-1.854189716334191829e+00
-1.854372915640698505e+00
-1.853819060081506986e+00
-1.853720432883781299e+00
-1.853792284618377195e+00
-1.853790996524455226e+00
-1.853788026743688810e+00
-1.853875881828243477e+00
-1.853807805514076312e+00
-1.854063524687951325e+00
-1.854060540331998297e+00
-1.854137316316731621e+00
-1.854209212297032838e+00
-1.854260319064196416e+00
-1.855180049077034266e+00
-1.855317428492694543e+00
-1.855298462385989389e+00
-1.855359480314953347e+00
-1.857883827584951630e+00
-1.858159870485811771e+00
-1.858218537784083635e+00
-1.858489736586555363e+00
-1.858507578227879264e+00
-1.858911665655541778e+00
-1.859022094716374029e+00
-1.858998988707219358e+00
-1.859512975137457724e+00
-1.860102107953544026e+00
-1.860144514425427387e+00
-1.860214765586620800e+00
-1.860517347781532882e+00
-1.860524167880362345e+00
-1.860561828421779085e+00
-1.860768993440757857e+00
-1.860813704204518970e+00
-1.860860382522790957e+00
-1.860871945114912718e+00
-1.860899364444080994e+00
-1.861076852703619222e+00
-1.860968203637041407e+00
-1.860933346333615290e+00
-1.860967266171258849e+00
-1.861180845676971174e+00
-1.861318673917550459e+00
-1.861346065797666149e+00
-1.861488929206005061e+00
-1.861602940879513390e+00
-1.861616466877588305e+00
-1.861621206104611348e+00
-1.861635983612280887e+00
-1.861647051880842563e+00
-1.861792669749532170e+00
-1.861795907537056705e+00
-1.861902062382132517e+00
-1.861943757064534744e+00
-1.861973889151973260e+00
-1.861958330470914635e+00
-1.861995632624024566e+00
-1.862003920433858095e+00
-1.862032346614877820e+00
-1.861930588319303803e+00
-1.861910447728360785e+00
-1.861973527599746436e+00
-1.862001819861318186e+00
-1.862029016674990212e+00
-1.862283944489857790e+00
-1.862284859260649128e+00
-1.862289386495758814e+00
-1.862289813570568331e+00
-1.862291649823035966e+00
-1.862342407020298296e+00
-1.862417965159759436e+00
-1.862418249676517146e+00
-1.862425214680873076e+00
-1.862438619450355493e+00
-1.862444257084610477e+00
-1.862492860110342985e+00
-1.862522500346377674e+00
-1.862533899355024669e+00
-1.862664708163849880e+00
-1.862672858189524216e+00
-1.862673096406544548e+00
-1.862705109274293669e+00
-1.862720762965872190e+00
-1.862744071120307376e+00
-1.862773858918870706e+00
-1.862789703141961795e+00
-1.862826014083445614e+00
-1.862827959928303301e+00
-1.862830058912512632e+00
-1.862835996768908764e+00
-1.862840272654077367e+00
-1.862840312758462069e+00
-1.862845409474418457e+00
-1.863151371899404829e+00
-1.863989027160657175e+00
-1.864061814337685696e+00
-1.864149748788430427e+00
-1.864445548969208000e+00
-1.864908297455331043e+00
-1.865081919023102941e+00
-1.866007032695657486e+00
-1.868473463005789537e+00
-1.869075816413710234e+00
-1.869330578391198650e+00
-1.870398493863674183e+00
-1.870717017305589369e+00
-1.870982696843304094e+00
-1.871386051811329887e+00
-1.871395813147939124e+00
-1.871395552971608645e+00
-1.871429899009670716e+00
-1.871464999959923325e+00
-1.871523803773952110e+00
-1.871544985676955708e+00
-1.871557147576158986e+00
-1.871613267100394218e+00
-1.871571206525959763e+00
-1.871592062634015896e+00
-1.871592235118944014e+00
-1.871598666093821972e+00
-1.871602408372907478e+00
-1.871616740513396548e+00
-1.871599388633986560e+00
-1.871589950271452585e+00
-1.871594831057881603e+00
-1.870704919362825569e+00
-1.870640877130638202e+00
-1.870638285809319123e+00
-1.870645861251011954e+00
-1.870929324123304927e+00
-1.871007284552170802e+00
-1.871010348193105299e+00
-1.871013479532970258e+00
-1.871015777832561344e+00
-1.871010518490314967e+00
-1.871089180626022141e+00
-1.871089180626962500e+00
-1.871010518552340685e+00
-1.871015777821633197e+00
-1.871013479528488954e+00
-1.871010348192795325e+00
-1.871007284543038551e+00
-1.870929329604262836e+00
-1.870645861140746602e+00
-1.870638207037953915e+00
-1.870640876765514937e+00
-1.870704928802667366e+00
-1.871594800387231805e+00
-1.871589960646982576e+00
-1.871599423566771669e+00
-1.871616739934105267e+00
-1.871602408072477575e+00
-1.871598664427134517e+00
-1.871592172353938377e+00
-1.871592062660268230e+00
-1.871571206525905584e+00
-1.871557071944151440e+00
-1.871557147574884450e+00
-1.871544985684483020e+00
-1.871523803774267414e+00
-1.871464999647545868e+00
-1.871429899028861810e+00
-1.871395552820628971e+00
-1.871395813150612319e+00
-1.871386051694554853e+00
-1.870982696840540527e+00
-1.870717017331553489e+00
-1.870398493863560052e+00
-1.869330578382507380e+00
-1.869075816414840219e+00
-1.868473463006571578e+00
-1.866007032706417768e+00
-1.865081887896081536e+00
-1.864908297455219355e+00
-1.864445548947036624e+00
-1.864149748790028260e+00
-1.864061814337786727e+00
-1.863989027784571872e+00
-1.863151371900281239e+00
-1.862845409474497504e+00
-1.862840311020941053e+00
-1.862840272645584605e+00
-1.862835996768953839e+00
-1.862830058912818387e+00
-1.862827959933755162e+00
-1.862826014086045312e+00
-1.862789703138604702e+00
-1.862773858916382697e+00
-1.862744071123851652e+00
-1.862720763005339730e+00
-1.862705109274553905e+00
-1.862673096404954709e+00
-1.862672858189606373e+00
-1.862664708163928040e+00
-1.862533899035725415e+00
-1.862522500264949477e+00
-1.862492860110276593e+00
-1.862444257087032096e+00
-1.862438619450441202e+00
-1.862425214680863750e+00
-1.862418250242585671e+00
-1.862417965161901057e+00
-1.862342407019275559e+00
-1.862291649823016648e+00
-1.862289799143457270e+00
-1.862289386503767075e+00
-1.862284874188454342e+00
-1.862283944479005138e+00
-1.862029016675011972e+00
-1.861894552900954292e+00
-1.861973668618134070e+00
-1.861910801950671823e+00
-1.861930590121042339e+00
-1.862032346609010958e+00
-1.862003920463735529e+00
-1.861995632616804563e+00
-1.861958330470739664e+00
-1.861973889149986183e+00
-1.861943757069427274e+00
-1.861902062388286483e+00
-1.861795907538319694e+00
-1.861792669754165352e+00
-1.861647051870670477e+00
-1.861635983614495338e+00
-1.861621206105326554e+00
-1.861616466870831710e+00
-1.861602940877241208e+00
-1.861488929208818588e+00
-1.861346065800268956e+00
-1.861318673917545352e+00
-1.861180845675643347e+00
-1.860967266169769374e+00
-1.860933822592355291e+00
-1.860968203809672206e+00
-1.861076857905454407e+00
-1.860899364542756285e+00
-1.860871945091688406e+00
-1.860860382511652089e+00
-1.860813704194371532e+00
-1.860768993471803245e+00
-1.860561828423470621e+00
-1.860524167881441260e+00
-1.860517347779647279e+00
-1.860214765471749354e+00
-1.860144514426699258e+00
-1.860102107954731965e+00
-1.859512975136820678e+00
-1.858998988706635380e+00
-1.859022094491095345e+00
-1.858911665650119005e+00
-1.858507577982604797e+00
-1.858489736587245256e+00
-1.858218537784216862e+00
-1.858159870485803777e+00
-1.857883827587541337e+00
-1.855359480297683383e+00
-1.855298462384770808e+00
-1.855317428530390611e+00
-1.855180049075701554e+00
-1.854260319063647966e+00
-1.854209212272137641e+00
-1.854137316267136182e+00
-1.854060540331554652e+00
-1.854063524690210185e+00
-1.853807805424751098e+00
-1.853875881848162432e+00
-1.853788024582662786e+00
-1.853790945063509277e+00
-1.853792284668823509e+00
-1.853720395417571831e+00
-1.853818053695490464e+00
-1.854372919162398103e+00
-1.854189688226815402e+00
-1.853984174417305120e+00
-1.853952263930827682e+00
-1.853383053199118891e+00
-1.853244834333553026e+00
-1.853161682269930388e+00
-1.853145986612248830e+00
-1.853170812656914634e+00
-1.852999114748131726e+00
-1.852775594442400919e+00
-1.852550807645968245e+00
-1.852393155303494465e+00
-1.852353016999277013e+00
-1.852366939770858867e+00
-1.851649178862028400e+00
-1.851588618977417333e+00
-1.851512557899317457e+00
-1.851048684287284418e+00
-1.851011882389236973e+00
-1.850734946773569645e+00
-1.850535635796422662e+00
-1.847511934103030384e+00
-1.847088557659231967e+00
-1.841628797783579685e+00
-1.841375055930977389e+00
-1.840839468817093483e+00
-1.840826235181331150e+00
-1.840723765215054541e+00
-1.840694393551482122e+00
-1.840655869303840397e+00
-1.840640700946950092e+00
-1.839984834367542677e+00
-1.839662804556597475e+00
-1.839320458779918566e+00
-1.839273654863142093e+00
-1.838218071784154972e+00
-1.850771087231168233e+00
-1.841462379385937265e+00
-1.843286164183317810e+00
-1.834778379240039614e+00
-1.834494455316633132e+00
-1.834542861251840851e+00
-1.834508824514869074e+00
-1.841546611781248677e+00
-1.841884613017096051e+00
-1.842997609909670986e+00
-1.844802023510357269e+00
-1.843767475557189117e+00
-1.844751253206373232e+00
-1.843884859806252496e+00
-1.843818909218592816e+00
-1.844239304080317332e+00
-1.846443056288859186e+00
-1.846366786430385210e+00
-1.844205555799512730e+00
-1.840259823743791934e+00
-1.842318511181684437e+00
-1.843671969927556109e+00
-1.844174025429479169e+00
-1.844373362033560948e+00
-1.845096644855656942e+00
-1.846755720871214201e+00
-1.847217877828419397e+00
-1.847820584378339515e+00
-1.847821269776347641e+00
-1.847833588899545187e+00
-1.848875624953999042e+00
-1.845202248034633730e+00
-1.844478744182496355e+00
-1.845354353254117452e+00
-1.844968801247196755e+00
-1.845729737120520353e+00
-1.844830449606416956e+00
-1.844833262141871044e+00
-1.844834923885141365e+00
-1.844985753079516844e+00
-1.844987088679906018e+00
-1.845304159655040355e+00
-1.845306506802361302e+00
-1.845308897813078941e+00
-1.845483144744382908e+00
-1.845779234816074421e+00
-1.845573658167260156e+00
-1.845476279300326539e+00
-1.845505644126754996e+00
-1.845500775371538005e+00
-1.845571808436764050e+00
-1.845498283147709140e+00
-1.845791374716379440e+00
-1.845712444109963268e+00
-1.846584940289661692e+00
-1.846493156725408591e+00
-1.846484565815726286e+00
-1.846492296534422817e+00
-1.846512302774920178e+00
-1.846661488182671507e+00
-1.846645842207826682e+00
-1.846647163513632783e+00
-1.846933483243824448e+00
-1.847006411067433795e+00
-1.846973240191199128e+00
-1.846733397926427989e+00
-1.847072042524445568e+00
-1.846800404579711063e+00
-1.847178539513355755e+00
-1.847150744985794457e+00
-1.847150717535598563e+00
-1.847157726244003983e+00
-1.847540054872264026e+00
-1.847495276336485359e+00
-1.847563548056864402e+00
-1.847591018066536694e+00
-1.847612576521969086e+00
-1.847928026744464214e+00
-1.847960026261612931e+00
-1.847954912711585518e+00
-1.847980220217028791e+00
-1.848026564356098467e+00
-1.848057030926999911e+00
-1.848088645365827176e+00
-1.847599637898794667e+00
-1.847584140810734077e+00
-1.847522661725512716e+00
-1.847499667787273703e+00
-1.847541155308265015e+00
-1.847489256845260552e+00
-1.847486765140332166e+00
-1.847288417599592503e+00
-1.847266513563104784e+00
-1.847267262624475492e+00
-1.847274428208121932e+00
-1.847110567860940300e+00
-1.846805631151627214e+00
-1.846795495502324913e+00
-1.846796019794096910e+00
-1.846794323222039846e+00
-1.846702397003519458e+00
-1.846707003555801085e+00
-1.846667097022452797e+00
-1.846654386017887894e+00
-1.846564305563975772e+00
-1.846541670951561631e+00
-1.846269972135596849e+00
-1.846270910350232608e+00
-1.846270534421146525e+00
-1.846200718396227902e+00
-1.846225520335462722e+00
-1.846217927334019571e+00
-1.846223372090932902e+00
-1.846233154569598911e+00
-1.844471931831964007e+00
-1.844500882792013741e+00
-1.844332083821637935e+00
-1.844470850433745257e+00
-1.844306721778281588e+00
-1.844401016773913993e+00
-1.844209232412554078e+00
-1.844402077638647608e+00
-1.844192314997068705e+00
-1.844172793347594652e+00
-1.844203719639695205e+00
-1.844250698595606419e+00
-1.844316107961521567e+00
-1.844018332114048420e+00
-1.844035355051488523e+00
-1.844010843759599672e+00
-1.844008705414796001e+00
-1.844007868244822657e+00
-1.844016428087962067e+00
-1.843993841744166584e+00
-1.843951142611410354e+00
-1.842727695049251935e+00
-1.843105643775970304e+00
-1.840889548044967627e+00
-1.840897258935001668e+00
-1.840940663467466987e+00
-1.841240860297162607e+00
-1.841340565648336369e+00
-1.841573100579656952e+00
-1.840710593225663327e+00
-1.840913395819014031e+00
-1.842426142996964167e+00
-1.843303032930857066e+00
-1.841964932826197554e+00
-1.840143249311469553e+00
-1.845432861827729809e+00
-1.846832905886088838e+00
-1.846313323363743875e+00
-1.846118917555932271e+00
-1.846444574228721214e+00
-1.846596421530668053e+00
-1.847632862512806895e+00
-1.846642156618930830e+00
-1.848957980653527233e+00
-1.846589588855636288e+00
-1.847554157212355719e+00
-1.847590039241327364e+00
-1.841761431822007467e+00
-1.841748881542350169e+00
-1.841748836829463887e+00
-1.842158483208695241e+00
-1.846770597710556849e+00
-1.846575822589775484e+00
-1.859055941932175049e+00
-1.845449740896936364e+00
-1.846121737685406217e+00
-1.846131563158871058e+00
-1.846433006103599173e+00
-1.846841689575407841e+00
-1.847427829609678662e+00
-1.847441649745760639e+00
-1.847466282589934838e+00
-1.847449201508222449e+00
-1.847504656415459134e+00
-1.847585311301109368e+00
-1.848186522573953106e+00
-1.848438072872931270e+00
-1.851844597217909172e+00
-1.852353441386288546e+00
-1.853731233972049086e+00
-1.854380243724251365e+00
-1.854848965595799593e+00
-1.854843389903390705e+00
-1.855037710666088469e+00
-1.855098503608891836e+00
-1.855377650383343680e+00
-1.855860375074021018e+00
-1.850538231670588729e+00
-1.850457951363158493e+00
-1.848776710232066245e+00
-1.847286219184420597e+00
-1.848915846169662869e+00
-1.845919925556929408e+00
-1.845747892166877735e+00
-1.845731046410621357e+00
-1.845910250556733523e+00
-1.846554009260403806e+00
-1.845955626889629553e+00
-1.847892182730796362e+00
-1.848492319042715604e+00
-1.847725975248137864e+00
-1.842014848877171262e+00
-1.839790899047687667e+00
-1.840018203799970387e+00
-1.840001150835644861e+00
-1.840001991478206644e+00
-1.840172137139124864e+00
-1.840290259677971108e+00
-1.841118004451675283e+00
-1.841146111530118201e+00
-1.841242178653545780e+00
-1.842240313192688550e+00
-1.842616584956965120e+00
-1.842774155173873218e+00
-1.843119964939241573e+00
-1.844427648603991887e+00
-1.845882693665754415e+00
-1.847747846977553454e+00
-1.847930847327574178e+00
-1.847946234194144832e+00
-1.848273220884254719e+00
-1.848799079978830306e+00
-1.849863629736785420e+00
-1.849856903294314847e+00
-1.849843838896461312e+00
-1.850158317902706351e+00
-1.850475616683452174e+00
-1.850540867564727243e+00
-1.850664353076765689e+00
-1.850982764056057883e+00
-1.851084711933360216e+00
-1.851109038631207016e+00
-1.852392470173102712e+00
-1.852541227216765396e+00
-1.852554181766933983e+00
-1.852555435218931290e+00
-1.853074164925140987e+00
-1.853174887677262239e+00
-1.853333554910825853e+00
-1.853401887880100407e+00
-1.853454361084905910e+00
-1.854019361688659329e+00
-1.854353385121601860e+00
-1.854364823506390758e+00
-1.854369003401908689e+00
-1.854408594722154913e+00
-1.854517085008282828e+00
-1.854525575515790781e+00
-1.854540840138821256e+00
-1.854549049410719519e+00
-1.854621687375008321e+00
-1.854627830515849229e+00
-1.854722440630716340e+00
-1.854589687568897860e+00
-1.854620921102442477e+00
-1.854590355298112669e+00
-1.854642285916733080e+00
-1.854727760536786452e+00
-1.854730977737545139e+00
-1.854787791092454396e+00
-1.854947257949913331e+00
-1.854948767223132844e+00
-1.854993835686320924e+00
-1.855017018906619519e+00
-1.855291350310098952e+00
-1.855294262995968779e+00
-1.855323670422561300e+00
-1.855328699930973491e+00
-1.855329942481698691e+00
-1.855334721529541930e+00
-1.855486672135421067e+00
-1.855487955035336256e+00
-1.855499933622738684e+00
-1.855567568854174620e+00
-1.855585431464566781e+00
-1.855586655696845000e+00
-1.855670280217835089e+00
-1.855695467644147501e+00
-1.855769889586100563e+00
-1.855784525418351816e+00
-1.855799113074537487e+00
-1.855868750589608762e+00
-1.855900993204557814e+00
-1.855913483839552569e+00
-1.855914727822380872e+00
-1.855921896230557699e+00
-1.856012805829012402e+00
-1.856136606329758632e+00
-1.856138046895649873e+00
-1.856139071684375086e+00
-1.856149762624704103e+00
-1.856149766059728812e+00
-1.856175639744169548e+00
-1.856295404891841638e+00
-1.857172029731215535e+00
-1.857426861034626508e+00
-1.857542309908855049e+00
-1.857756208301286627e+00
-1.858034426446482534e+00
-1.858446192335934111e+00
-1.858912157918005903e+00
-1.861254227539995698e+00
-1.862214527507376260e+00
-1.862617745568632577e+00
-1.863917189277561448e+00
-1.864302012806917430e+00
-1.864397211613457284e+00
-1.864592080298479004e+00
-1.864597900514987305e+00
-1.864635208564868307e+00
-1.864646667790866630e+00
-1.864711779397602687e+00
-1.864736691948980729e+00
-1.864755074908952315e+00
-1.864756105943111919e+00
-1.864783604141146078e+00
-1.864821996710244623e+00
-1.864799268536942334e+00
-1.864800064998083595e+00
-1.864867441070752641e+00
-1.864865681163560218e+00
-1.864878756652022407e+00
-1.864885600145724354e+00
-1.864918521148515085e+00
-1.864898465502101477e+00
-1.864899922511578323e+00
-1.864903141717561219e+00
-1.864902261963054420e+00
-1.864922404902113362e+00
-1.864923024508633231e+00
-1.864925189517388393e+00
-1.864947530155415034e+00
-1.864961976520071119e+00
-1.864970819133414448e+00
-1.864979794418227588e+00
-1.865183707602266594e+00
-1.865183707607672714e+00
-1.864979794419600267e+00
-1.864970819133876301e+00
-1.864961976521546605e+00
-1.864947530159423161e+00
-1.864925189516746684e+00
-1.864923024508804428e+00
-1.864922404909039599e+00
-1.864902261683321072e+00
-1.864903174078350157e+00
-1.864899922502852192e+00
-1.864898465504039260e+00
-1.864890627669014922e+00
-1.864885828233778575e+00
-1.864878756651888292e+00
-1.864865687707297326e+00
-1.864853956710620153e+00
-1.864799677448647053e+00
-1.864422528368112175e+00
-1.864435097783254669e+00
-1.864755710211558393e+00
-1.864756105942871667e+00
-1.864755074908812649e+00
-1.864736691937482371e+00
-1.864711779392807189e+00
-1.864646667781848510e+00
-1.864635208708741221e+00
-1.864597900521222762e+00
-1.864592080332047264e+00
-1.864397211613156635e+00
-1.864302013563580385e+00
-1.863917189278335718e+00
-1.862617745452926910e+00
-1.862214527511754980e+00
-1.861254227498733371e+00
-1.858912157924685449e+00
-1.858445820251626524e+00
-1.858034426463418542e+00
-1.857756208292866251e+00
-1.857542309913462475e+00
-1.857426861035490262e+00
-1.857172029402518021e+00
-1.856295404891986855e+00
-1.856175639744201300e+00
-1.856149725244504056e+00
-1.856149762595301400e+00
-1.856139071684370645e+00
-1.856138046894749039e+00
-1.856136606335135664e+00
-1.856012805829060364e+00
-1.855921896230059653e+00
-1.855914727821562860e+00
-1.855913483839563227e+00
-1.855900993191277548e+00
-1.855868749348229763e+00
-1.855799113078341334e+00
-1.855784525418871844e+00
-1.855769889525517025e+00
-1.855695467652323849e+00
-1.855670280207475376e+00
-1.855586655696742193e+00
-1.855585431464537249e+00
-1.855567568853906613e+00
-1.855499933622766218e+00
-1.855487941926213136e+00
-1.855486672135497450e+00
-1.855334721525836228e+00
-1.855329942481458882e+00
-1.855323740260253151e+00
-1.855323670421301863e+00
-1.855292457238852721e+00
-1.855291350307145537e+00
-1.855017018906616855e+00
-1.854993835686323145e+00
-1.854948880238658449e+00
-1.854947257949633110e+00
-1.854787791089536508e+00
-1.854730977746514853e+00
-1.854727760528978919e+00
-1.854642285919809730e+00
-1.854590355298117110e+00
-1.854620921101191700e+00
-1.854589686782680102e+00
-1.854722440669817729e+00
-1.854627830499419261e+00
-1.854621687520715767e+00
-1.854549049371164937e+00
-1.854540840111716049e+00
-1.854525575497694589e+00
-1.854517085179735458e+00
-1.854408594745841077e+00
-1.854369003405367256e+00
-1.854364823507647309e+00
-1.854353385121896070e+00
-1.854019361688531209e+00
-1.853393236830754631e+00
-1.853401822282781941e+00
-1.853333554909346592e+00
-1.853174887630314682e+00
-1.853074164923216749e+00
-1.852555435218174340e+00
-1.852487054229598584e+00
-1.852541227088513764e+00
-1.852392470248617418e+00
-1.851109038633186321e+00
-1.851084711815875306e+00
-1.850982764054334595e+00
-1.850664353087218217e+00
-1.850540867563033265e+00
-1.850475616696335646e+00
-1.850158317673128439e+00
-1.849843838895939729e+00
-1.849856903299170741e+00
-1.849863629653521357e+00
-1.848799079978959981e+00
-1.848273220755770385e+00
-1.847946234157464396e+00
-1.847930847324309678e+00
-1.847747846977363162e+00
-1.845882693833775789e+00
-1.844427648631025374e+00
-1.843119964945229006e+00
-1.842774155231319932e+00
-1.842616584958151504e+00
-1.842240313194957402e+00
-1.841242179385814026e+00
-1.841146111522457884e+00
-1.841118004397260144e+00
-1.840290259714851384e+00
-1.840172137190301926e+00
-1.840001988332500726e+00
-1.840001136407417803e+00
-1.840018203800021901e+00
-1.839790792625672022e+00
-1.841135026243451378e+00
-1.847725630199593683e+00
-1.848492318889573660e+00
-1.847892281237066836e+00
-1.845897347678666867e+00
-1.846553821494556935e+00
-1.845911170587989147e+00
-1.845730931613034365e+00
-1.845747945562574266e+00
-1.845919961095231265e+00
-1.848914822103768341e+00
-1.837736290070113299e+00
-1.850548279011508646e+00
-1.852383453086526632e+00
-1.850537958901122160e+00
-1.855859530466651197e+00
-1.855377214854890378e+00
-1.855098503615227656e+00
-1.855037710642033488e+00
-1.854843389903776618e+00
-1.854848965586026299e+00
-1.854380243722147714e+00
-1.853731233971913195e+00
-1.852353441386350941e+00
-1.851844596663144937e+00
-1.848438072854114100e+00
-1.848186522840383095e+00
-1.847585311301107147e+00
-1.847439576391005200e+00
-1.847449139603493995e+00
-1.847466282597724607e+00
-1.847441649815966924e+00
-1.847427829595344129e+00
-1.846841689576850687e+00
-1.846433006193088477e+00
-1.846131563200311021e+00
-1.846121737665259221e+00
-1.845449740867968869e+00
-1.834855879808362289e+00
-1.835172770109217755e+00
-1.835013485885125251e+00
-1.835488253374745860e+00
-1.835118934966658344e+00
-1.835121874399775477e+00
-1.835178175393940680e+00
-1.842450716562129998e+00
-1.842755215305375227e+00
-1.843057363477244914e+00
-1.844135083506960537e+00
-1.845958084895243267e+00
-1.846718000575336749e+00
-1.845648917812425793e+00
-1.844624635813795654e+00
-1.844649767085214442e+00
-1.845463959417919408e+00
-1.837577283927408711e+00
-1.838385747579139640e+00
-1.838572819059566044e+00
-1.839879092170292108e+00
-1.839306099493196012e+00
-1.838358902575306875e+00
-1.838111203354205525e+00
-1.837860044892346556e+00
-1.839959338029693470e+00
-1.838866831267540469e+00
-1.839281695309484821e+00
-1.838716585352993427e+00
-1.838721495556386643e+00
-1.838715066344021931e+00
-1.839479381636701660e+00
-1.839487909957566725e+00
-1.839893143663539288e+00
-1.839913606301513127e+00
-1.840007372751430781e+00
-1.840040276091869043e+00
-1.840044128040077887e+00
-1.840042179169868897e+00
-1.840356993951062670e+00
-1.840360476316881932e+00
-1.840452238800285745e+00
-1.840522513437438779e+00
-1.840635659400433388e+00
-1.840640889075089603e+00
-1.840724124642572734e+00
-1.840758690919562124e+00
-1.840755176166833706e+00
-1.840828514471701371e+00
-1.840828856384682854e+00
-1.840848853225738990e+00
-1.841081690261457293e+00
-1.841345860266137446e+00
-1.841345083157069018e+00
-1.841841969346771135e+00
-1.841706529696307992e+00
-1.841711361706342753e+00
-1.841716591676370252e+00
-1.841766625713520122e+00
-1.841819537276743191e+00
-1.841823910502424333e+00
-1.841858659552612076e+00
-1.842342771459393180e+00
-1.842564417653093756e+00
-1.842485978444869943e+00
-1.842488270585764587e+00
-1.842538296768301498e+00
-1.842478807820918218e+00
-1.842430302753054638e+00
-1.842429334271141972e+00
-1.842432490930301592e+00
-1.842477015356157377e+00
-1.842527613751306914e+00
-1.842577193400195990e+00
-1.842578337483584239e+00
-1.842604184114555732e+00
-1.842606994182956814e+00
-1.842593774928972028e+00
-1.842617520009058651e+00
-1.842612621390673278e+00
-1.842650540340097676e+00
-1.842666025937007790e+00
-1.842518547468041668e+00
-1.840176111318244434e+00
