-1.422201208086976365e+00
-1.422347297731390681e+00
-1.422389935779639014e+00
-1.422407205308310107e+00
-1.424248760103137279e+00
-1.425418037568673579e+00
-1.425750809543433917e+00
-1.426582398975048127e+00
-1.426701837842743847e+00
-1.426728575332624649e+00
-1.453033082508367491e+00
-1.463398103570588304e+00
-1.463939699268283379e+00
-1.463941508324405838e+00
-1.463956638702943014e+00
-1.467404346547422911e+00
-1.467799872492003832e+00
-1.467939598912048060e+00
-1.468033786412886732e+00
-1.468253904508609597e+00
-1.468748679404425106e+00
-1.468874884731110164e+00
-1.469281974261506640e+00
-1.469305047475699677e+00
-1.469362100950967864e+00
-1.469935580715753698e+00
-1.470182366291196363e+00
-1.470378601755898185e+00
-1.470851817016160412e+00
-1.473285675609120826e+00
-1.473284286644709340e+00
-1.473797554032604262e+00
-1.474333675462907278e+00
-1.475473170646164567e+00
-1.475885454196766311e+00
-1.476972007362617578e+00
-1.477287191724053983e+00
-1.478552920616957866e+00
-1.478631030217966824e+00
-1.479339040576318709e+00
-1.484371292781744955e+00
-1.484403868991825526e+00
-1.485006311911617249e+00
-1.485013940481408667e+00
-1.485270121317620928e+00
-1.485445912919288958e+00
-1.485610469844733883e+00
-1.485806309450745655e+00
-1.486355461469726080e+00
-1.487750825643129327e+00
-1.500601711817954431e+00
-1.502602697063972315e+00
-1.582157902656026183e+00
-1.684564807681863563e+00
-1.684566310213810425e+00
-1.684637281257803210e+00
-1.685511730106363348e+00
-1.688141414706488597e+00
-1.696671809230720029e+00
-1.697153025243780311e+00
-1.698045354652754524e+00
-1.704694575166870951e+00
-1.706243842150693357e+00
-1.710452146916914717e+00
-1.711502687607578954e+00
-1.723590364276370801e+00
-1.723859000565416633e+00
-1.723990476673254335e+00
-1.724330160510274101e+00
-1.725628228950320864e+00
-1.743026134880429456e+00
-1.755336998380638391e+00
-1.755454011097322464e+00
-1.759492511299880491e+00
-1.759716281993735087e+00
-1.759995578763674073e+00
-1.776965239663948815e+00
-1.777135867216943499e+00
-1.777262549607263376e+00
-1.777263690878049252e+00
-1.778603559466173767e+00
-1.829732718605638020e+00
-1.830396258307496637e+00
-1.832532010115206278e+00
-1.841976978791359354e+00
-1.842808313308633261e+00
-1.842872610658700339e+00
-1.843143249150308360e+00
-1.843549864120294313e+00
-1.844041121947477047e+00
-1.844054555730760825e+00
-1.844209651993637067e+00
-1.844284925629234628e+00
-1.844359794708776867e+00
-1.844409892757435498e+00
-1.845266014229114848e+00
-1.849509786371851705e+00
-1.852984346050636999e+00
-1.853641134958831760e+00
-1.856175607898575830e+00
-1.856383618491383114e+00
-1.856491245962437198e+00
-1.856478422041184739e+00
-1.856987943886385661e+00
-1.857243405097861899e+00
-1.857262071355302524e+00
-1.857825166514574189e+00
-1.857815714340601998e+00
-1.857841586627058339e+00
-1.857851657339891549e+00
-1.857999251608538849e+00
-1.858057731798214318e+00
-1.858249633675348678e+00
-1.858598901429946881e+00
-1.858597862303533521e+00
-1.858768422741013282e+00
-1.858915876514671606e+00
-1.859557966891294711e+00
-1.859563452409482620e+00
-1.860061881881752921e+00
-1.860099684633970796e+00
-1.860171549331177676e+00
-1.860176033719452393e+00
-1.860271406568863917e+00
-1.860280374980619156e+00
-1.860280423999582489e+00
-1.860368467373774592e+00
-1.860368532228414251e+00
-1.860630104769571469e+00
-1.860628488230523070e+00
-1.860672970137411841e+00
-1.860740828155942994e+00
-1.860841252172263260e+00
-1.861279829940783337e+00
-1.843855778838870307e+00
-1.843900479284078298e+00
-1.844127548468171396e+00
-1.845872497369737353e+00
-1.846622928851176848e+00
-1.846730089856421397e+00
-1.847257647510905043e+00
-1.847650860256359717e+00
-1.848298115307951850e+00
-1.848519851750775267e+00
-1.848493019814513749e+00
-1.849190906852961724e+00
-1.849981483707740182e+00
-1.850237613879619269e+00
-1.850523509004891931e+00
-1.850860145433029569e+00
-1.850906896978712357e+00
-1.851220158569118368e+00
-1.851602506552770588e+00
-1.851607708275155417e+00
-1.851614363762930537e+00
-1.851617196301859725e+00
-1.851778474094454729e+00
-1.852025211799034121e+00
-1.852191876548436200e+00
-1.852201661904913532e+00
-1.852221598277543402e+00
-1.852226893793205154e+00
-1.852820040418146963e+00
-1.852917743649157511e+00
-1.853035896352021705e+00
-1.853179221282357458e+00
-1.853304248566991497e+00
-1.853323078129073487e+00
-1.853338455779848015e+00
-1.853347656017002354e+00
-1.853511503051124887e+00
-1.853524481214382957e+00
-1.853667470976104958e+00
-1.853672145123705928e+00
-1.853658620364477372e+00
-1.853700085994075319e+00
-1.853713582690175610e+00
-1.853741733666008917e+00
-1.853746657325589409e+00
-1.853804925766645351e+00
-1.853981722698740953e+00
-1.853980589041623883e+00
-1.853994085072162346e+00
-1.853996322023998111e+00
-1.854092445549554435e+00
-1.854093274136868974e+00
-1.854099535667795617e+00
-1.854100867809922892e+00
-1.854138728272877845e+00
-1.854151920893918337e+00
-1.854164061140715081e+00
-1.854164226688308714e+00
-1.854170890438237240e+00
-1.854176770611224434e+00
-1.854179348142106498e+00
-1.854191126544333379e+00
-1.854307581153405993e+00
-1.854307534038451832e+00
-1.854423502617941866e+00
-1.854423646020458838e+00
-1.854423720914464724e+00
-1.854521094766413913e+00
-1.854529033792281956e+00
-1.854536864141481889e+00
-1.854539361339066161e+00
-1.854549036066576395e+00
-1.854623492363188575e+00
-1.854652343971214368e+00
-1.854652456730866206e+00
-1.854655704108398862e+00
-1.854657978948514252e+00
-1.854657906295355208e+00
-1.854667734194199502e+00
-1.854723189996186239e+00
-1.856259930580042239e+00
-1.856505233141438449e+00
-1.856638246888074661e+00
-1.856902368785125601e+00
-1.857477855565279556e+00
-1.857693415657320823e+00
-1.858970640872581237e+00
-1.861551686173234410e+00
-1.862236581541834912e+00
-1.862702531317532939e+00
-1.863903397870851020e+00
-1.864161591424878139e+00
-1.864631365096525606e+00
-1.864860830122172963e+00
-1.864870723824273435e+00
-1.864903330569735340e+00
-1.864961320599070049e+00
-1.865038402875753398e+00
-1.865063619631585512e+00
-1.865142316162825997e+00
-1.865175987685130821e+00
-1.865175970910216252e+00
-1.865236337107186948e+00
-1.865281620270097473e+00
-1.865281566805114810e+00
-1.865295438028321318e+00
-1.865295760429980465e+00
-1.865304600706908511e+00
-1.865330443441041819e+00
-1.865341589316671156e+00
-1.865556296033255013e+00
-1.865556181932946256e+00
-1.865571461417199872e+00
-1.865574256592229307e+00
-1.865642111400602543e+00
-1.865649358744271291e+00
-1.865664114475616309e+00
-1.865666045552726970e+00
-1.865673537822878814e+00
-1.865694763644392795e+00
-1.865694756431785395e+00
-1.865783096060991131e+00
-1.865783096061023993e+00
-1.865694756431853341e+00
-1.865694763644352605e+00
-1.865673537822892802e+00
-1.865666045552725194e+00
-1.865664114475618085e+00
-1.865649358744268849e+00
-1.865642111400605874e+00
-1.865574398731899119e+00
-1.865571475315936478e+00
-1.865556190523705027e+00
-1.865556296041458006e+00
-1.865341435550697868e+00
-1.865330443441037822e+00
-1.865304600706930049e+00
-1.865295762854843442e+00
-1.865295438231831859e+00
-1.865281606913511414e+00
-1.865281620270126783e+00
-1.865235778355251339e+00
-1.865175998328251428e+00
-1.865175987685136372e+00
-1.865142316162861524e+00
-1.865063619631501357e+00
-1.865038402875636381e+00
-1.864961320599307193e+00
-1.864903330569785744e+00
-1.864870723824272547e+00
-1.864860830122174740e+00
-1.864631365096523385e+00
-1.864161591424883246e+00
-1.863903397870848355e+00
-1.862702531317538712e+00
-1.862236581541812264e+00
-1.861551686173248399e+00
-1.858970640872642965e+00
-1.857665772209927901e+00
-1.857477855565441427e+00
-1.856902368785052326e+00
-1.856638246888068222e+00
-1.856505233141442224e+00
-1.856259930580043793e+00
-1.854723189996184907e+00
-1.854667734194199058e+00
-1.854657907135679906e+00
-1.854657978948447195e+00
-1.854655704108300940e+00
-1.854652456731063825e+00
-1.854652343971210371e+00
-1.854623492363202786e+00
-1.854549036066594603e+00
-1.854539361339282877e+00
-1.854536864141309138e+00
-1.854529033792157167e+00
-1.854521094766446776e+00
-1.854423720914461837e+00
-1.854423646020468608e+00
-1.854423502617934982e+00
-1.854307534038453165e+00
-1.854307581153404216e+00
-1.854191126544329160e+00
-1.854179348142116490e+00
-1.854176770611221770e+00
-1.854170890438233688e+00
-1.854164225891478557e+00
-1.854164061140961550e+00
-1.854151920893448047e+00
-1.854138761835895544e+00
-1.854100798282271034e+00
-1.854099535667795395e+00
-1.854093273541931541e+00
-1.854092445549555768e+00
-1.853996322024000332e+00
-1.853994085072165454e+00
-1.853980617343619075e+00
-1.853981722698741619e+00
-1.853804925766644685e+00
-1.853746657325590963e+00
-1.853741733666012914e+00
-1.853713582690178274e+00
-1.853700085994041125e+00
-1.853659385483759747e+00
-1.853672145123679726e+00
-1.853667470976112064e+00
-1.853524481214362529e+00
-1.853511503051139098e+00
-1.853347656017003242e+00
-1.853338455779847127e+00
-1.853323078129064605e+00
-1.853304248567001933e+00
-1.853179221282360345e+00
-1.853035896352022149e+00
-1.852932355939610254e+00
-1.852879339653349389e+00
-1.852226412869556249e+00
-1.852221598107133271e+00
-1.852201661904911978e+00
-1.852191876548437532e+00
-1.852025211799031235e+00
-1.851778474094459614e+00
-1.851617196301852397e+00
-1.851614363762933424e+00
-1.851607708275158970e+00
-1.851602506552748384e+00
-1.851220158569134799e+00
-1.850906896978719907e+00
-1.850860145433028237e+00
-1.850523509004891043e+00
-1.850237613879619492e+00
-1.849981483707739294e+00
-1.849190906852962168e+00
-1.848493019814517302e+00
-1.848519851750780596e+00
-1.848298115307948519e+00
-1.847650860256345506e+00
-1.847257647510968326e+00
-1.848049874273811621e+00
-1.847991402918590431e+00
-1.848497010915710170e+00
-1.847306576723614535e+00
-1.847393531122390353e+00
-1.847447981304934039e+00
-1.861279829940783781e+00
-1.860841252172263038e+00
-1.860740828155948767e+00
-1.860672970137434934e+00
-1.860628488230475108e+00
-1.860630104768974391e+00
-1.860368462321749572e+00
-1.860368467373786583e+00
-1.860280437052345359e+00
-1.860280374980617601e+00
-1.860271406568858810e+00
-1.860175834885250179e+00
-1.860171549332660046e+00
-1.860099684632849693e+00
-1.860061881882178580e+00
-1.859563452409487727e+00
-1.859557966891294933e+00
-1.858915876514576127e+00
-1.858768422741075232e+00
-1.858597929460023224e+00
-1.858598901429932670e+00
-1.858249633675349788e+00
-1.858057731798214984e+00
-1.857999251608540181e+00
-1.857851657339889107e+00
-1.857841586627059227e+00
-1.857815714340600000e+00
-1.857825166514573967e+00
-1.857262071355304078e+00
-1.857243405097885880e+00
-1.856987943886331482e+00
-1.856478422041198506e+00
-1.856491245962466063e+00
-1.856383618491407983e+00
-1.856175607898571167e+00
-1.853641134958834868e+00
-1.852984346050635445e+00
-1.849509786371856146e+00
-1.849547911642070996e+00
-1.849621339894239380e+00
-1.849549146237029706e+00
-1.849532152010258557e+00
-1.850025439106475433e+00
-1.850287292767918590e+00
-1.850205382717580616e+00
-1.850269108922849792e+00
-1.850196746776813228e+00
-1.850724723333946109e+00
-1.850697186227292512e+00
-1.847826537743933351e+00
-1.859114340086803985e+00
-1.849005693028922703e+00
-1.849986462601093784e+00
-1.850178419856770340e+00
-1.850173951822888796e+00
-1.850173295210962632e+00
-1.850199137429650698e+00
-1.851345186143071642e+00
-1.851770193526133035e+00
-1.852642560278046080e+00
-1.853876572009311330e+00
-1.855336931180254556e+00
-1.855134294273949935e+00
-1.855424495641838423e+00
-1.855427321352014047e+00
-1.856035275787362826e+00
-1.856285766717137520e+00
-1.856776354688686848e+00
-1.857331129368376299e+00
-1.857596829654500237e+00
-1.857874559093025901e+00
-1.861048161092124120e+00
-1.861830131119405207e+00
-1.862072110420259996e+00
-1.862260589661185683e+00
-1.862531639611782808e+00
-1.862540469158679546e+00
-1.862739188799902967e+00
-1.862739828707814516e+00
-1.862766007270123536e+00
-1.863667133469317561e+00
-1.861452650676898690e+00
-1.860660294946991922e+00
-1.861346549359100377e+00
-1.860973862181666272e+00
-1.861204092875142102e+00
-1.860874632848267707e+00
-1.860877794220210157e+00
-1.860889842042355191e+00
-1.861089929333789694e+00
-1.861101013507337143e+00
-1.861238365187132038e+00
-1.861230598143903237e+00
-1.861248915701924300e+00
-1.861358440453370289e+00
-1.861719007644710100e+00
-1.861417532313607959e+00
-1.861370485655189810e+00
-1.861402292893577615e+00
-1.861387542699441955e+00
-1.861582964452869859e+00
-1.861647745534591447e+00
-1.861905149646778224e+00
-1.861975411381396661e+00
-1.862286166423871236e+00
-1.862269465781291267e+00
-1.862276198519027481e+00
-1.862285138848585486e+00
-1.862343586311162369e+00
-1.862416273264561273e+00
-1.862376934936915696e+00
-1.862267244833376578e+00
-1.862685145687666743e+00
-1.862909962102347272e+00
-1.862936416621000957e+00
-1.862953394581847943e+00
-1.862978008875516789e+00
-1.863010900977898121e+00
-1.863041082001608117e+00
-1.863029291750172955e+00
-1.863029531879481393e+00
-1.863128343751240923e+00
-1.863260502494158866e+00
-1.863265234337875054e+00
-1.863269925354332335e+00
-1.863274435678454299e+00
-1.863294032823445079e+00
-1.863427677688496598e+00
-1.863461483123895590e+00
-1.863459050254007154e+00
-1.863484357777211997e+00
-1.863469380878798987e+00
-1.863551216232796071e+00
-1.863547519183684997e+00
-1.862879866632073167e+00
-1.862868352616016576e+00
-1.862814807465184908e+00
-1.862802640681552768e+00
-1.862802990594334185e+00
-1.862814956000995670e+00
-1.862813765744441685e+00
-1.862749453350231121e+00
-1.862746537237246258e+00
-1.862746230704194872e+00
-1.862773596399075693e+00
-1.862545612302978881e+00
-1.862503631512692603e+00
-1.862491209841667494e+00
-1.862490986776627500e+00
-1.862491039339697174e+00
-1.862458142977137188e+00
-1.862475954253540511e+00
-1.862411105533300582e+00
-1.862397269325212212e+00
-1.862275934292076052e+00
-1.862191156144345605e+00
-1.861765834280751486e+00
-1.861884932393088832e+00
-1.861884923871634845e+00
-1.861864344038119068e+00
-1.861822396682179415e+00
-1.861769619927531760e+00
-1.861763298517409737e+00
-1.861812141258370357e+00
-1.860708559855191346e+00
-1.860726413590863437e+00
-1.860551099812782105e+00
-1.860524536186616507e+00
-1.860367495203286481e+00
-1.860447285446109600e+00
-1.860101425174757628e+00
-1.860211153140431062e+00
-1.860075125315138189e+00
-1.860003047835696144e+00
-1.860035988330182688e+00
-1.859968122988189476e+00
-1.860040096241482255e+00
-1.859873333720796662e+00
-1.859891413909532387e+00
-1.859910269760306711e+00
-1.859907227870401636e+00
-1.859901209565661517e+00
-1.859894731341804164e+00
-1.860076352582568093e+00
-1.860039251562825902e+00
-1.859049633867875695e+00
-1.859467542374093396e+00
-1.859147717371913089e+00
-1.859155694020697913e+00
-1.859149023714594451e+00
-1.859414479694131650e+00
-1.859302927054863330e+00
-1.859331776036210471e+00
-1.859458453727638183e+00
-1.859608405809769494e+00
-1.859195237134780854e+00
-1.858774448523957457e+00
-1.856965998873830959e+00
-1.856693227371806199e+00
-1.856871795924413870e+00
-1.856611852383809325e+00
-1.856154422906052925e+00
-1.856003227278180123e+00
-1.856139389993175293e+00
-1.856122552051379770e+00
-1.856417932940101156e+00
-1.856043709305119638e+00
-1.855657319659038906e+00
-1.854339498169798706e+00
-1.853750987837057274e+00
-1.854672952686036158e+00
-1.852220733441766409e+00
-1.852216208616713100e+00
-1.852217134693421752e+00
-1.852250438321533466e+00
-1.852165772985785441e+00
-1.852566248351530387e+00
-1.861947046151790630e+00
-1.851255465647705378e+00
-1.852816143318954722e+00
-1.853055208237515572e+00
-1.852377392426077130e+00
-1.852515520568876362e+00
-1.852649784911884367e+00
-1.852988656513064214e+00
-1.852456646124892359e+00
-1.852209125011566870e+00
-1.852191257885552389e+00
-1.852339314004558535e+00
-1.852453768579003235e+00
-1.852415275423175078e+00
-1.855874539912468535e+00
-1.856482553570824034e+00
-1.859062129389568829e+00
-1.859077183007433964e+00
-1.859255577829154404e+00
-1.859234820986557013e+00
-1.859463461267633066e+00
-1.859536127194667321e+00
-1.859725253778837573e+00
-1.860507744267101415e+00
-1.860492244245087079e+00
-1.860514839799320308e+00
-1.860569460861716040e+00
-1.860606152045532147e+00
-1.860715175187989345e+00
-1.860917741397167147e+00
-1.861076299861638805e+00
-1.861075262096089755e+00
-1.861172821357194529e+00
-1.861254590881394222e+00
-1.861779997221841843e+00
-1.861783819064540602e+00
-1.862528527236734455e+00
-1.862538038209028635e+00
-1.862574021145725345e+00
-1.862577769002134787e+00
-1.862662758144529418e+00
-1.862666833327078386e+00
-1.862666820153956682e+00
-1.862668569916353656e+00
-1.862851230655092838e+00
-1.863159393257642904e+00
-1.863155827865852210e+00
-1.863182153312951117e+00
-1.863248632914261904e+00
-1.863283838237817847e+00
-1.863838629272213110e+00
-1.864936352925074647e+00
-1.865024896414722022e+00
-1.865021777982288409e+00
-1.865815376232921263e+00
-1.865794283671876386e+00
-1.865839173066799583e+00
-1.865171160777380654e+00
-1.865289987368863978e+00
-1.865801637816191239e+00
-1.865996325231924491e+00
-1.865969119303647616e+00
-1.866351097673971893e+00
-1.866880885038372462e+00
-1.866935697496390212e+00
-1.867007082687771380e+00
-1.867317330265158892e+00
-1.867370867339011919e+00
-1.867425585092134188e+00
-1.867824329245743264e+00
-1.867888627943983471e+00
-1.867935348349536229e+00
-1.867935986549767335e+00
-1.868047425076391654e+00
-1.868080979758554694e+00
-1.868223918063223854e+00
-1.868224230294829091e+00
-1.868225565604251681e+00
-1.868561510586507879e+00
-1.868703336787372882e+00
-1.868710934492417763e+00
-1.868730455745701846e+00
-1.868875065576439010e+00
-1.868909618836191555e+00
-1.868912864766555382e+00
-1.868928472342289648e+00
-1.868940757735026104e+00
-1.869049503405253221e+00
-1.869066041306248982e+00
-1.869157656950612090e+00
-1.869174168686526194e+00
-1.869158564090571462e+00
-1.869195395596755738e+00
-1.869261848229575085e+00
-1.869262303115849289e+00
-1.869267719674544193e+00
-1.869299657758059174e+00
-1.869300570724073518e+00
-1.869412304116785162e+00
-1.869414240904630375e+00
-1.869431960898328304e+00
-1.869583086495973046e+00
-1.869583641287305920e+00
-1.869585502856540460e+00
-1.869586439407159961e+00
-1.869588480087536864e+00
-1.869597828373727566e+00
-1.869628747448720540e+00
-1.869628896010460117e+00
-1.869636544654842858e+00
-1.869644320327928710e+00
-1.869649463176675575e+00
-1.869658131243030930e+00
-1.869694198383508699e+00
-1.869694659556295990e+00
-1.869753729806842291e+00
-1.869753762126416197e+00
-1.869777419811544661e+00
-1.869811078432149998e+00
-1.869827944940929410e+00
-1.869828254979052806e+00
-1.869835568221604793e+00
-1.869843809811710722e+00
-1.869875586386433142e+00
-1.869881996512763767e+00
-1.869887050851652521e+00
-1.869908198047848247e+00
-1.869910983197108578e+00
-1.869910950206556954e+00
-1.869914619951223766e+00
-1.870082414300511697e+00
-1.870537378283330554e+00
-1.870570899392222541e+00
-1.870638879001560007e+00
-1.870804103323674417e+00
-1.871087369593453342e+00
-1.871251875313486135e+00
-1.872276069639931428e+00
-1.874069388433748262e+00
-1.874697147716461565e+00
-1.874998026236012194e+00
-1.875976377797466732e+00
-1.876270065992192704e+00
-1.876426116989057036e+00
-1.876547977788244115e+00
-1.876554744544093101e+00
-1.876555146003948016e+00
-1.876568279940671768e+00
-1.876596060496906304e+00
-1.876679923528974836e+00
-1.876754531878546350e+00
-1.876785527387032859e+00
-1.876785505891206407e+00
-1.876790432302533951e+00
-1.876817792395413020e+00
-1.876817680632547169e+00
-1.876948994387650060e+00
-1.876949966835940398e+00
-1.876966216582971914e+00
-1.876980803714717094e+00
-1.876988390355111669e+00
-1.877077297715870507e+00
-1.877077154956350302e+00
-1.877082374101206597e+00
-1.877081190868679084e+00
-1.877099894848443862e+00
-1.877100039843437873e+00
-1.877107869139101437e+00
-1.877110009595782003e+00
-1.877110391045536453e+00
-1.877122275630680459e+00
-1.877127415918216524e+00
-1.877166759452379541e+00
-1.877166759452667311e+00
-1.877127415918134368e+00
-1.877122275630811465e+00
-1.877110391045521798e+00
-1.877110009595776452e+00
-1.877107869139099883e+00
-1.877100039843418555e+00
-1.877099894848422101e+00
-1.877081185859995394e+00
-1.877082398812152553e+00
-1.877077151305935887e+00
-1.877077297713813486e+00
-1.876988371897579722e+00
-1.876980803714712209e+00
-1.876966216583715319e+00
-1.876949966991831920e+00
-1.876948994372414692e+00
-1.876817795256851662e+00
-1.876817792395421680e+00
-1.876790432302533951e+00
-1.876785517087771638e+00
-1.876785527387032193e+00
-1.876754531878544796e+00
-1.876679923528976168e+00
-1.876596060496924512e+00
-1.876568279940609374e+00
-1.876555146003969110e+00
-1.876554744544095765e+00
-1.876547977788248112e+00
-1.876426116989076576e+00
-1.876270065992176495e+00
-1.875976377797470729e+00
-1.874998026236016191e+00
-1.874697147716440471e+00
-1.874069388433765138e+00
-1.872276069639929652e+00
-1.871251913436601910e+00
-1.871087369593449123e+00
-1.870804103323677525e+00
-1.870638879001541133e+00
-1.870570899392260289e+00
-1.870537378283330554e+00
-1.870082414300511253e+00
-1.869914619951221102e+00
-1.869910950326106658e+00
-1.869910983197148102e+00
-1.869908198047784964e+00
-1.869887050851662291e+00
-1.869881996512728684e+00
-1.869875586386393618e+00
-1.869843809811473356e+00
-1.869835568221654531e+00
-1.869828254978595838e+00
-1.869827944941762521e+00
-1.869811078432173534e+00
-1.869777419811519792e+00
-1.869767788026143407e+00
-1.869753729806847176e+00
-1.869694659556306870e+00
-1.869694198383507144e+00
-1.869658131243030708e+00
-1.869649463176679127e+00
-1.869644320327928710e+00
-1.869636544654843302e+00
-1.869628895359738863e+00
-1.869628747448751849e+00
-1.869597828373688264e+00
-1.869588463225317909e+00
-1.869588155032216870e+00
-1.869585502856541126e+00
-1.869583641189851653e+00
-1.869583086496161117e+00
-1.869431960898313427e+00
-1.869414240904619717e+00
-1.869412288237787489e+00
-1.869300806979337537e+00
-1.869299657758453304e+00
-1.869267719673933570e+00
-1.869262303115990509e+00
-1.869261848229285095e+00
-1.869195395596924270e+00
-1.869193204645744011e+00
-1.869174168686432935e+00
-1.869157656950664936e+00
-1.869066041305831094e+00
-1.869049503405612267e+00
-1.868940757735099822e+00
-1.868928472342280322e+00
-1.868912864766543835e+00
-1.868909618836204656e+00
-1.868875065576439010e+00
-1.868730455745680752e+00
-1.868710936225263630e+00
-1.868703336787377101e+00
-1.868561510586509211e+00
-1.868225565604240801e+00
-1.868224230294833088e+00
-1.868223918063227185e+00
-1.868080979758555582e+00
-1.868047425076389878e+00
-1.867935986549765115e+00
-1.867935348349529345e+00
-1.867888627944000124e+00
-1.867824329245712178e+00
-1.867425585092149065e+00
-1.867370867339015028e+00
-1.867317330265158448e+00
-1.867007082687768271e+00
-1.866935697496387103e+00
-1.866880885038373350e+00
-1.866351097673968340e+00
-1.865969119303691803e+00
-1.865996325231870534e+00
-1.865801637816188130e+00
-1.865289987368851765e+00
-1.865171160777386650e+00
-1.864921836680961453e+00
-1.864922212067264384e+00
-1.864537142787622059e+00
-1.863949731721190162e+00
-1.863855322331930742e+00
-1.863921490821573101e+00
-1.863838629272213776e+00
-1.863283838237814294e+00
-1.863248632914266345e+00
-1.863182153312945788e+00
-1.863155827865851100e+00
-1.863159393257747265e+00
-1.862851230655036883e+00
-1.862758799450891400e+00
-1.862666819009976216e+00
-1.862666833327081495e+00
-1.862662758144540964e+00
-1.862577937710939047e+00
-1.862574021144387082e+00
-1.862538038209386126e+00
-1.862528527236731346e+00
-1.861783819064538825e+00
-1.861779997221820526e+00
-1.861254590881409099e+00
-1.861172821357190532e+00
-1.861075304603062808e+00
-1.861076299861633920e+00
-1.860917741397142944e+00
-1.860715175188022430e+00
-1.860606152045538142e+00
-1.860569460861714930e+00
-1.860514839799324305e+00
-1.860492244245086635e+00
-1.860507744267096752e+00
-1.859725253778839571e+00
-1.859536127194658661e+00
-1.859463461267616191e+00
-1.859234820986602088e+00
-1.859255577829149075e+00
-1.859077057624465290e+00
-1.859062129389435825e+00
-1.859412079978637777e+00
-1.859386050315361416e+00
-1.860348601503794885e+00
-1.860249208366788087e+00
-1.859273253491974920e+00
-1.859494451150124128e+00
-1.859437006136061665e+00
-1.858526166614705044e+00
-1.858780367326499539e+00
-1.858519138558556216e+00
-1.858477128982908955e+00
-1.858496523237982201e+00
-1.858611123625355965e+00
-1.858586890981481554e+00
-1.860708263894164105e+00
-1.864913787311141657e+00
-1.865849105193979174e+00
-1.867710110547688984e+00
-1.868245127621890322e+00
-1.868239164504512217e+00
-1.868239725845546761e+00
-1.868291615912489156e+00
-1.867054843964135014e+00
-1.868248135751656935e+00
-1.869432985979661899e+00
-1.869691967547153055e+00
-1.870364537344177513e+00
-1.870677133024834848e+00
-1.870632448957127547e+00
-1.870236359318166564e+00
-1.870607361326086515e+00
-1.871159779514061539e+00
-1.871467272933189818e+00
-1.871584516900583139e+00
-1.872014567392047191e+00
-1.872473739484864286e+00
-1.874942479755057789e+00
-1.875172989261425949e+00
-1.875433424753105482e+00
-1.875952313516242587e+00
-1.875944603753315842e+00
-1.876224361266139784e+00
-1.876202004697318682e+00
-1.876349475935225719e+00
-1.876352376483473527e+00
-1.876350484175174582e+00
-1.876487511445014800e+00
-1.876504835037840158e+00
-1.876540252280321841e+00
-1.876564778477610496e+00
-1.876596528154745425e+00
-1.876604288599034831e+00
-1.876605853057425444e+00
-1.876606534688545658e+00
-1.876655698105397452e+00
-1.876698404422962874e+00
-1.876768099677360357e+00
-1.876814640769858489e+00
-1.876821721742212290e+00
-1.876830101428149655e+00
-1.877004270793966478e+00
-1.877014607632399468e+00
-1.877010902418340121e+00
-1.877124358378238878e+00
-1.877123618643831815e+00
-1.877124191923267515e+00
-1.877141899544130244e+00
-1.877188628607037835e+00
-1.877188249423080491e+00
-1.877269276964701472e+00
-1.877268726617245864e+00
-1.877287179185284982e+00
-1.877288124850966522e+00
-1.877289830812293836e+00
-1.877445156250407532e+00
-1.877446342499037968e+00
-1.877458075863279063e+00
-1.877773580452487323e+00
-1.877823761691094440e+00
-1.877838510392443316e+00
-1.877846876497169637e+00
-1.877871516493121673e+00
-1.877885948834639995e+00
-1.877922588414630223e+00
-1.877933661133057708e+00
-1.877934299837360488e+00
-1.877935599682006629e+00
-1.877994522502792085e+00
-1.878102849548325626e+00
-1.878110648213106026e+00
-1.878111040837532331e+00
-1.878147572135535626e+00
-1.878229316019543127e+00
-1.878231026147193283e+00
-1.878231085053485128e+00
-1.878256179168229512e+00
-1.878258198669265244e+00
-1.878280603417884054e+00
-1.878288340965436287e+00
-1.878288340963929048e+00
-1.878280603415813266e+00
-1.878258198668669277e+00
-1.878256179168876772e+00
-1.878231122515291229e+00
-1.878231026147229699e+00
-1.878229316019556894e+00
-1.878147572135508536e+00
-1.878111040837534995e+00
-1.878110648213106471e+00
-1.878102849548325182e+00
-1.877994522502792085e+00
-1.877935599682005297e+00
-1.877934301603641831e+00
-1.877933585406856842e+00
-1.877922588414428606e+00
-1.877885948834592700e+00
-1.877871516493119453e+00
-1.877846876497171191e+00
-1.877838510392437321e+00
-1.877823761691094662e+00
-1.877773580452473334e+00
-1.877458075863290388e+00
-1.877446344113297139e+00
-1.877445156250415526e+00
-1.877311941460173106e+00
-1.877288124917568801e+00
-1.877287179185284316e+00
-1.877268672798520388e+00
-1.877269276964695255e+00
-1.877188246946233763e+00
-1.877188628606873078e+00
-1.877141899544196857e+00
-1.877124191923420504e+00
-1.877123618643925518e+00
-1.877124358378143842e+00
-1.877010889584930453e+00
-1.877014607632398135e+00
-1.877004270793964480e+00
-1.876830101428166531e+00
-1.876821721742165217e+00
-1.876814640769747022e+00
-1.876768099677433188e+00
-1.876664738162902912e+00
-1.876655698105395231e+00
-1.876607052456058522e+00
-1.876605853245949973e+00
-1.876604288599041492e+00
-1.876596528154747201e+00
-1.876564778477621598e+00
-1.876540252280323839e+00
-1.876504835037840380e+00
-1.876487511445019019e+00
-1.876350484175173028e+00
-1.876357654153521626e+00
-1.876350340566000696e+00
-1.876305712696819672e+00
-1.876351138438970167e+00
-1.876257928237098582e+00
-1.876153096158823086e+00
-1.875619192139246660e+00
-1.875553774845993171e+00
-1.875139238747148607e+00
-1.873013039046256267e+00
-1.872635848388361834e+00
-1.872253002745664530e+00
-1.872218022750892663e+00
-1.872013989560848302e+00
-1.871548198589617851e+00
-1.871325344108135003e+00
-1.871564415654030533e+00
-1.871596726801709076e+00
-1.871038979330277519e+00
-1.871157661100461445e+00
-1.870479382303892990e+00
-1.869708076889637027e+00
-1.871438698417601021e+00
-1.870170896813130756e+00
-1.870007206781334252e+00
-1.870007065560439941e+00
-1.870027191847736248e+00
-1.869669978358119433e+00
-1.867077246508168864e+00
-1.865818457209114989e+00
-1.862389704273429203e+00
-1.862612844546480684e+00
-1.863131519027310112e+00
-1.862866838473731690e+00
-1.862925241505858587e+00
-1.862981191691349903e+00
-1.863335418347674910e+00
-1.863392743059574919e+00
-1.865060785963667200e+00
-1.863525941794416774e+00
-1.864058872999776018e+00
-1.864444398792169721e+00
-1.861492094423292443e+00
-1.860990765590660567e+00
-1.860935182269799260e+00
-1.860474688294719181e+00
-1.860688675182274210e+00
-1.861637912485186952e+00
-1.861653392013617125e+00
-1.861984991220239749e+00
-1.862067361060093518e+00
-1.862535503882820631e+00
-1.863641075791307333e+00
-1.863650750941624690e+00
-1.863705061833733634e+00
-1.863765410342416162e+00
-1.864007313206615724e+00
-1.864208947785885195e+00
-1.864388108966701374e+00
-1.864268103863361059e+00
-1.864266976669838538e+00
-1.864324017134603828e+00
-1.864566633500766901e+00
-1.865146657853899548e+00
-1.865172172007051987e+00
-1.865512993612017834e+00
-1.865585131777202310e+00
-1.865631647011446237e+00
-1.865641749354783219e+00
-1.865688200111449202e+00
-1.865707470453635164e+00
-1.865708285291714397e+00
-1.865715816682774308e+00
-1.865947762087659889e+00
-1.866424910443201357e+00
-1.866419411345576984e+00
-1.866432525762271366e+00
-1.866483462474574750e+00
-1.866523893980927440e+00
-1.867181854274807984e+00
-1.867669450423731670e+00
-1.867638081251091098e+00
-1.867680815131697258e+00
-1.868279541806570077e+00
-1.868530854071550396e+00
-1.868617007991649093e+00
-1.868950406969548617e+00
-1.869134943576773011e+00
-1.869557463505404638e+00
-1.869810984676284926e+00
-1.869779792979616273e+00
-1.870153906497112439e+00
-1.870793107957357648e+00
-1.870831142752475307e+00
-1.870934857395862627e+00
-1.871155318732776074e+00
-1.871226191613542200e+00
-1.871277525862035329e+00
-1.871667037098720510e+00
-1.871686241214133517e+00
-1.871725157030673437e+00
-1.871739141753939517e+00
-1.871829489551173342e+00
-1.871898759572017790e+00
-1.872046463603569855e+00
-1.872048345391666757e+00
-1.872065559091077080e+00
-1.872196341491350280e+00
-1.872361330269797008e+00
-1.872354194597833921e+00
-1.872337446295722962e+00
-1.872467637403424146e+00
-1.872498396895725392e+00
-1.872500638575828935e+00
-1.872519159845450476e+00
-1.872524406932579710e+00
-1.872585511647877565e+00
-1.872589069339612777e+00
-1.872678738429515821e+00
-1.872741527331353462e+00
-1.872723579419789841e+00
-1.872772038963824048e+00
-1.872842274390175143e+00
-1.872842328572277282e+00
-1.872844747282615963e+00
-1.872864827471511173e+00
-1.872959230921878548e+00
-1.872958552414148770e+00
-1.872961377126650229e+00
-1.872974706384448851e+00
-1.873125727319506328e+00
-1.873125985580322173e+00
-1.873131271291773370e+00
-1.873132477316845623e+00
-1.873133574213126762e+00
-1.873156633765468371e+00
-1.873201948254376914e+00
-1.873202247756741823e+00
-1.873218580455396687e+00
-1.873228805829640020e+00
-1.873233287508136113e+00
-1.873246372197477250e+00
-1.873281205603886779e+00
-1.873294138397525677e+00
-1.873365907589115142e+00
-1.873365891904015701e+00
-1.873391205653037295e+00
-1.873426365842038699e+00
-1.873439437680008091e+00
-1.873440968945843554e+00
-1.872391899200549492e+00
-1.873453168420007309e+00
-1.873465135867406595e+00
-1.873527658885612013e+00
-1.873542031035951849e+00
-1.873569984834090096e+00
-1.873571359222025112e+00
-1.873571347587767555e+00
-1.873574704078055930e+00
-1.873707410851673583e+00
-1.873949836919639900e+00
-1.874023712281834175e+00
-1.874079988138631858e+00
-1.874200374616531661e+00
-1.874437696353002059e+00
-1.874726871522970351e+00
-1.875486871397395339e+00
-1.876986544972068405e+00
-1.877734554184481652e+00
-1.877955651492716704e+00
-1.878679609803585393e+00
-1.879029064605254318e+00
-1.879148236389353022e+00
-1.879293060852801789e+00
-1.879298603975115611e+00
-1.879300265749259458e+00
-1.879301981626592344e+00
-1.879315385269570537e+00
-1.879333511251660482e+00
-1.879423651169297660e+00
-1.879426596783773995e+00
-1.879426568225406324e+00
-1.879470635346070839e+00
-1.879113706820108032e+00
-1.879520328980093913e+00
-1.879537565809021871e+00
-1.879537419095813178e+00
-1.879556775591394668e+00
-1.879567161661220176e+00
-1.879573064195438237e+00
-1.879620808895677619e+00
-1.879621017713470454e+00
-1.879623924213851716e+00
-1.879621443192120100e+00
-1.879632590356099087e+00
-1.879632910256560319e+00
-1.879636744590379438e+00
-1.879642963769083241e+00
-1.879642924263531301e+00
-1.879655362230724158e+00
-1.879667541500092964e+00
-1.879713301345936838e+00
-1.879713301345545817e+00
-1.879667541500289030e+00
-1.879655362230724602e+00
-1.879642924263505321e+00
-1.879642963769093233e+00
-1.879636744590374775e+00
-1.879632910256559652e+00
-1.879632590356101307e+00
-1.879621442184119751e+00
-1.879623960747995426e+00
-1.879621018950171862e+00
-1.879620808896290463e+00
-1.879573057186276097e+00
-1.879567161661221952e+00
-1.879556775591857409e+00
-1.879537419143586963e+00
-1.879537565376961927e+00
-1.879520378067546904e+00
-1.879519835807514250e+00
-1.879470603622151792e+00
-1.879426571699313042e+00
-1.879426596783798642e+00
-1.879423651169292331e+00
-1.879333511251657818e+00
-1.879315385269568317e+00
-1.879301981626587459e+00
-1.879300265749264565e+00
-1.879298603975115167e+00
-1.879293060852809338e+00
-1.879148236389348359e+00
-1.879029064605255206e+00
-1.878679609803582284e+00
-1.877955651492712486e+00
-1.877734554184527394e+00
-1.876986544971940063e+00
-1.875486871397582966e+00
-1.874627681560178560e+00
-1.874437696353021154e+00
-1.874200374616506570e+00
-1.874079988138631858e+00
-1.874023712281837284e+00
-1.873949836919620360e+00
-1.873707410851713107e+00
-1.873574704078069697e+00
-1.873571347519233043e+00
-1.873571359221979593e+00
-1.873569984833696855e+00
-1.873542031036578237e+00
-1.873527658885607350e+00
-1.873513689135276605e+00
-1.873453168416055581e+00
-1.872392196575222822e+00
-1.873440968941500140e+00
-1.873439437680763042e+00
-1.873426365842297381e+00
-1.873391205652550351e+00
-1.873383451664977439e+00
-1.873365907589130464e+00
-1.873294138397560982e+00
-1.873281205603895661e+00
-1.873246372197477694e+00
-1.873233287508139888e+00
-1.873228805829635579e+00
-1.873218580455369153e+00
-1.873202247559770717e+00
-1.873201948254374916e+00
-1.873156633765472812e+00
-1.873133574213123209e+00
-1.873132422744523407e+00
-1.873131271291770705e+00
-1.873125992909427939e+00
-1.873125727319506106e+00
-1.872974706384448851e+00
-1.872961377126648008e+00
-1.872959280133756899e+00
-1.872959230921862117e+00
-1.872864827471516502e+00
-1.872844747282612854e+00
-1.872842328572295267e+00
-1.872842274390251749e+00
-1.872772038963842034e+00
-1.872769249508868139e+00
-1.872741527331389211e+00
-1.872678738429504275e+00
-1.872589069339697154e+00
-1.872585511647912870e+00
-1.872524406932571495e+00
-1.872519159845454695e+00
-1.872500638575827159e+00
-1.872498396895747375e+00
-1.872467637404178653e+00
-1.872336582559135154e+00
-1.872354194772421820e+00
-1.872361330269770585e+00
-1.872196341491374927e+00
-1.871996728666613041e+00
-1.872048345391667423e+00
-1.872046463603572075e+00
-1.871898759572019566e+00
-1.871829489551168235e+00
-1.871739141753943514e+00
-1.871725157030684095e+00
-1.871686241214141067e+00
-1.871667037098708519e+00
-1.871277525862047764e+00
-1.871226191613539092e+00
-1.871155318732777628e+00
-1.870934857395861073e+00
-1.870831142752473752e+00
-1.870793107957352763e+00
-1.870153906497113550e+00
-1.869779792979663569e+00
-1.869810984676216314e+00
-1.869557463505458372e+00
-1.869134943576770347e+00
-1.868950406969550615e+00
-1.868617007991645984e+00
-1.868530854071552394e+00
-1.868279541806609378e+00
-1.867680815131695260e+00
-1.867638081251087989e+00
-1.867669450423733446e+00
-1.867181854274811315e+00
-1.866523893980927218e+00
-1.866483462474576749e+00
-1.866432525762275585e+00
-1.866419411345576762e+00
-1.866424910443202245e+00
-1.865947762087594164e+00
-1.865715755051636116e+00
-1.865715218654889096e+00
-1.865707470453633832e+00
-1.865688200111450312e+00
-1.865641749354788548e+00
-1.865631647011440908e+00
-1.865585131777196093e+00
-1.865512993612016501e+00
-1.865172172007050211e+00
-1.865146657853901102e+00
-1.864566633500770898e+00
-1.864324017134640687e+00
-1.864266974502712948e+00
-1.864268103863346404e+00
-1.864388108966747781e+00
-1.864208947785743753e+00
-1.864007313206647920e+00
-1.863765410342428819e+00
-1.863705061833733190e+00
-1.863650750941615808e+00
-1.863641075791320656e+00
-1.862535503882817078e+00
-1.862067361060092185e+00
-1.861984991220240415e+00
-1.861653392013621788e+00
-1.861637912485227364e+00
-1.861653799050108749e+00
-1.861917015593762326e+00
-1.862255358327531640e+00
-1.861285766798978170e+00
-1.863033886148767415e+00
-1.861645730597834447e+00
-1.861524638687866995e+00
-1.861986968218410254e+00
-1.861375549767339210e+00
-1.861326511218935886e+00
-1.861360097271223424e+00
-1.861476670830557012e+00
-1.861381518081567821e+00
-1.861515695121579661e+00
-1.861675417862860504e+00
-1.861121004252737965e+00
-1.861033091712207321e+00
-1.866478894081015305e+00
-1.867541074069166473e+00
-1.869939233062943185e+00
-1.870282047783544233e+00
-1.870276773430731954e+00
-1.870276813997131526e+00
-1.865970048187224561e+00
-1.871473755871267297e+00
-1.871586961458914233e+00
-1.871066617706713675e+00
-1.872730974067662535e+00
-1.872165134278679144e+00
-1.872816984258771411e+00
-1.872950645520030211e+00
-1.872934212508919671e+00
-1.873164987042643670e+00
-1.872984781314982250e+00
-1.873336498404984951e+00
-1.873459412809051816e+00
-1.873477830745115424e+00
-1.873945049044443589e+00
-1.875592094589806136e+00
-1.875691521427004016e+00
-1.875945871603015069e+00
-1.875758044451946160e+00
-1.876228400939038199e+00
-1.861231445499212711e+00
-1.861650114457373384e+00
-1.861654494241341329e+00
-1.861656232538476896e+00
-1.861665988562763330e+00
-1.862042909476850028e+00
-1.862361793071143135e+00
-1.862680282030239498e+00
-1.862711862894075754e+00
-1.862836609621148387e+00
-1.862899474761362750e+00
-1.862900975735897635e+00
-1.862901633643678778e+00
-1.862971430112191351e+00
-1.863062464757512915e+00
-1.863252693081167699e+00
-1.863356131253957715e+00
-1.863476427878291375e+00
-1.863509527496653995e+00
-1.863669233562428085e+00
-1.864141257005097030e+00
-1.864138763862701831e+00
-1.864257359443586726e+00
-1.864256539320430450e+00
-1.864264240514268423e+00
-1.864528026975102115e+00
-1.864893801609717405e+00
-1.864925335545164042e+00
-1.865355140879580542e+00
-1.865354237770409096e+00
-1.865358611393455934e+00
-1.865368569049545844e+00
-1.865438040408386344e+00
-1.865501648673923984e+00
-1.865501801717237562e+00
-1.865509960866159833e+00
-1.866024756586190492e+00
-1.866126500925156195e+00
-1.866136029460821355e+00
-1.866138786369162084e+00
-1.866188795301319203e+00
-1.866246503160342129e+00
-1.866294853261194264e+00
-1.866295702032354509e+00
-1.866299681329053772e+00
-1.866300300464104112e+00
-1.866393529311777932e+00
-1.866556483065945571e+00
-1.866559443363716486e+00
-1.866560135026585687e+00
-1.866576617592338172e+00
-1.866699068875798950e+00
-1.866770365796415199e+00
-1.866771564611185541e+00
-1.866847856336174338e+00
-1.866917579075162648e+00
-1.866930065360567159e+00
-1.866930159955726642e+00
-1.866930159955724200e+00
-1.866930065360624003e+00
-1.866917579074414135e+00
-1.866847856336034450e+00
-1.866771473153449712e+00
-1.866770365796431408e+00
-1.866699068875782075e+00
-1.866576617592347276e+00
-1.866560135026581690e+00
-1.866559443363718707e+00
-1.866556483065944017e+00
-1.866393529311776600e+00
-1.866300312626116620e+00
-1.866299681097480789e+00
-1.866295711501096743e+00
-1.866294853261152964e+00
-1.866246503160277959e+00
-1.866188795301383152e+00
-1.866138786369149205e+00
-1.866136029460828016e+00
-1.866126500925160858e+00
-1.866024756586494693e+00
-1.865510507024513265e+00
-1.865501801770011125e+00
-1.865501648673955737e+00
-1.865438040408355924e+00
-1.865368569049542735e+00
-1.865358661046046862e+00
-1.865354239478045795e+00
-1.865355140879572993e+00
-1.864925333417418507e+00
-1.864893801609712076e+00
-1.864528026975107000e+00
-1.864264240514271087e+00
-1.864257412860135465e+00
-1.864257359443199036e+00
-1.864138838095116268e+00
-1.864141257005098140e+00
-1.863669233562429417e+00
-1.863509527496628904e+00
-1.863476427878287156e+00
-1.863356131254000791e+00
-1.863252693081192568e+00
-1.863062464757550218e+00
-1.862971430112193350e+00
-1.862901633643680332e+00
-1.862901015219434964e+00
-1.862899474761460006e+00
-1.862836609621199013e+00
-1.862711862893999148e+00
-1.862680282030243717e+00
-1.862361793069126525e+00
-1.862042878513717525e+00
-1.861665988563114604e+00
-1.861673520740798837e+00
-1.861584442221309921e+00
-1.861154845288830906e+00
-1.861574758797244433e+00
-1.876176697373645563e+00
-1.876031076780924511e+00
-1.876262850587540720e+00
-1.875767056184744597e+00
-1.875616773880645738e+00
-1.874095886331613059e+00
-1.873852171424157609e+00
-1.873696252466664713e+00
-1.873607570473826200e+00
-1.873425185295184647e+00
-1.873584506334974975e+00
-1.873418952631175305e+00
-1.873476949222431021e+00
-1.873338521004043411e+00
-1.872750726669603294e+00
-1.872410657229222508e+00
-1.871080174322207856e+00
-1.872537571054298411e+00
-1.871905266852331495e+00
-1.871226991373672321e+00
-1.871251356010907863e+00
-1.871251408928401805e+00
-1.871277533577863084e+00
-1.870954077312175778e+00
-1.868617907389130028e+00
-1.867286468437132196e+00
-1.861608365114779673e+00
-1.861739760124078602e+00
-1.862033472496935627e+00
-1.861781066747779656e+00
-1.861771577937151090e+00
-1.861749138505281120e+00
-1.861772191225858908e+00
-1.861962083512896937e+00
-1.862006703469710978e+00
-1.861901514277312319e+00
-1.862407301185721620e+00
-1.862707767932643588e+00
-1.863463474843147338e+00
-1.862172234463524756e+00
-1.863290420658795243e+00
-1.863006535258380225e+00
-1.862517827679540439e+00
-1.862551095823894443e+00
-1.862576456578826090e+00
-1.862864980434519646e+00
-1.862926792046675883e+00
-1.863464809448733162e+00
-1.864565702288661697e+00
-1.864619849884461056e+00
-1.864612757756741512e+00
-1.864677877868977207e+00
-1.864853549735626226e+00
-1.865047359158470419e+00
-1.865236523896728116e+00
-1.865148971422926572e+00
-1.865147843227796587e+00
-1.865204230200287361e+00
-1.865431097424131934e+00
-1.866077388516695912e+00
-1.866100116817432042e+00
-1.866376387987687124e+00
-1.866497953469105298e+00
-1.866542578439341682e+00
-1.866543976247851067e+00
-1.866581864139042146e+00
-1.866600915212530243e+00
-1.866601387302196935e+00
-1.866611287803470853e+00
-1.866837745346289212e+00
-1.867263201191938560e+00
-1.867274350980058006e+00
-1.867286873552312265e+00
-1.867352502956498794e+00
-1.867402647496842372e+00
-1.868185050971747696e+00
-1.868331977876305672e+00
-1.868295624496203233e+00
-1.868331668245759358e+00
-1.868854294633009339e+00
-1.869165108300350875e+00
-1.869219986551316826e+00
-1.869443619723611283e+00
-1.869626317197021104e+00
-1.869993672545635865e+00
-1.870201123515795150e+00
-1.870170070100841908e+00
-1.870522234246565496e+00
-1.871093929095304143e+00
-1.871132234554725216e+00
-1.871240766145813250e+00
-1.871439874437219153e+00
-1.871469362643102485e+00
-1.871520829853617895e+00
-1.872009705052934070e+00
-1.872038874930797903e+00
-1.872062879602872876e+00
-1.872066953314637017e+00
-1.872203520349977168e+00
-1.872270441945016461e+00
-1.872400321619028141e+00
-1.872402445844890018e+00
-1.872375035785507791e+00
-1.872392928811406065e+00
-1.872751720424123523e+00
-1.872960952364509879e+00
-1.873013134658382484e+00
-1.873092792808699336e+00
-1.873111700211278707e+00
-1.873117161062894942e+00
-1.873120957570165723e+00
-1.873133138257691899e+00
-1.873176505525492974e+00
-1.873183597798734112e+00
-1.873285309736981041e+00
-1.873351713032129551e+00
-1.873333806278721925e+00
-1.873369159989901611e+00
-1.873428387537044770e+00
-1.873428974052264273e+00
-1.873430678490370482e+00
-1.873456242793970716e+00
-1.873456396413054170e+00
-1.873592135202772679e+00
-1.873564885748899567e+00
-1.873414829419278504e+00
-1.873732215889460706e+00
-1.873766642025642470e+00
-1.873779755176259387e+00
-1.873781591235890609e+00
-1.873781901104366376e+00
-1.873791777985317264e+00
-1.873819888438895243e+00
-1.873820219746832993e+00
-1.873836828327690718e+00
-1.873847677226072150e+00
-1.873853691716539371e+00
-1.873861622359798362e+00
-1.873883497898682027e+00
-1.873887871294900753e+00
-1.873964106462853385e+00
-1.873964171452592087e+00
-1.873994717303943958e+00
-1.874035279307674662e+00
-1.874050001687292966e+00
-1.874050971645816466e+00
-1.874055534871581274e+00
-1.874067289640930056e+00
-1.874122736345978923e+00
-1.874136051258247004e+00
-1.874142979055797520e+00
-1.874164320033174125e+00
-1.874166233677016846e+00
-1.874166232823500700e+00
-1.874169032483432140e+00
-1.874352585719652797e+00
-1.874573454853230459e+00
-1.874637778749646655e+00
-1.874691288958154844e+00
-1.874808251766749922e+00
-1.875035556306771101e+00
-1.875202062179887719e+00
-1.875988935905877231e+00
-1.877415384473833271e+00
-1.878190752639868677e+00
-1.878420585266235676e+00
-1.879082939918197859e+00
-1.879454819855849834e+00
-1.879600747642515612e+00
-1.879738647869941826e+00
-1.879744258101367027e+00
-1.879747819003287912e+00
-1.879750551948023318e+00
-1.879777960677100124e+00
-1.879802254972253284e+00
-1.879883034920149854e+00
-1.879888492500671360e+00
-1.879888498172342270e+00
-1.879891591214245317e+00
-1.879928963858282120e+00
-1.879928822173023040e+00
-1.880010111719970567e+00
-1.880011322075401781e+00
-1.880031304621126331e+00
-1.880044397380192134e+00
-1.880049441612408057e+00
-1.880069866457675820e+00
-1.880070141115647520e+00
-1.880073029267647966e+00
-1.880070344316900899e+00
-1.880085063688004432e+00
-1.880085816209898564e+00
-1.880090022323235299e+00
-1.880095677351696137e+00
-1.880095437173843642e+00
-1.880104951708373218e+00
-1.880113655208933698e+00
-1.880152315825799558e+00
-1.880152315825874831e+00
-1.880113655208994539e+00
-1.880104951708231109e+00
-1.880095437173831208e+00
-1.880095677351692807e+00
-1.880090022323236632e+00
-1.880085816209857486e+00
-1.880085063688031743e+00
-1.880070344330277088e+00
-1.880073029502278281e+00
-1.880070141115647298e+00
-1.880069866457675820e+00
-1.880049440118347848e+00
-1.880044397380195242e+00
-1.880031304621117005e+00
-1.880011324912211679e+00
-1.880012068097392852e+00
-1.879928913803979196e+00
-1.879928963858275015e+00
-1.879891591214244650e+00
-1.879888528579565232e+00
-1.879888492500674690e+00
-1.879883034920155627e+00
-1.879802254972257947e+00
-1.879777960677103898e+00
-1.879750551948022430e+00
-1.879747819003291021e+00
-1.879744258101364807e+00
-1.879738647869944490e+00
-1.879600747642516057e+00
-1.879454819855848946e+00
-1.879082939918198081e+00
-1.878420585266237453e+00
-1.878190752639857797e+00
-1.877415384473716031e+00
-1.875988935905782640e+00
-1.875205616733120806e+00
-1.875035556307247830e+00
-1.874808251766609368e+00
-1.874691288958150626e+00
-1.874637778749661754e+00
-1.874573454853214027e+00
-1.874352585719664788e+00
-1.874169032483432140e+00
-1.874166232544493882e+00
-1.874166233677023286e+00
-1.874164320033171016e+00
-1.874142979055798630e+00
-1.874136051258245672e+00
-1.874122736345976925e+00
-1.874067289640940714e+00
-1.874055534871568618e+00
-1.874050971645814467e+00
-1.874050001687294520e+00
-1.874035279307675550e+00
-1.873994717303940849e+00
-1.873988168802598775e+00
-1.873964106463190893e+00
-1.873887871294898755e+00
-1.873883497899126116e+00
-1.873861622359702217e+00
-1.873853691716538705e+00
-1.873847677226070596e+00
-1.873836828327694937e+00
-1.873820220593784835e+00
-1.873819888438889691e+00
-1.873791777985315932e+00
-1.873784800956678875e+00
-1.873781585401089966e+00
-1.873779755184565410e+00
-1.873766645166680345e+00
-1.873732215888101571e+00
-1.873413721037981094e+00
-1.873564884881206094e+00
-1.873592227183672243e+00
-1.873456131422313042e+00
-1.873456242793707816e+00
-1.873430678490441537e+00
-1.873428974051894347e+00
-1.873428387537408701e+00
-1.873369159989921373e+00
-1.873379119167459361e+00
-1.873351713032044064e+00
-1.873285309737034332e+00
-1.873183597798672384e+00
-1.873176505525513846e+00
-1.873133138257681019e+00
-1.873120957570170386e+00
-1.873117161062894054e+00
-1.873111700211277153e+00
-1.873092792808691787e+00
-1.873013134658379375e+00
-1.872975743404240667e+00
-1.872752202322297554e+00
-1.872392937595720008e+00
-1.872375033214515483e+00
-1.872402445844894237e+00
-1.872400321619029029e+00
-1.872270441945016017e+00
-1.872203520349975170e+00
-1.872066953314641236e+00
-1.872062879602909513e+00
-1.872038874930786134e+00
-1.872009705052918527e+00
-1.871520829853628776e+00
-1.871469362643097822e+00
-1.871439874437216044e+00
-1.871240766145812362e+00
-1.871132234554721219e+00
-1.871093929095307695e+00
-1.870522234246568161e+00
-1.870170070100767079e+00
-1.870201123515861097e+00
-1.869993672545654739e+00
-1.869626317197017551e+00
-1.869443619723609284e+00
-1.869219986551318158e+00
-1.869165108300360867e+00
-1.868854294632994906e+00
-1.868331668245779342e+00
-1.868295624496183693e+00
-1.868331977876309224e+00
-1.868185050971745254e+00
-1.867402647496843038e+00
-1.867352502956497684e+00
-1.867286873552317594e+00
-1.867274350980050457e+00
-1.867263201191937005e+00
-1.866837745346218380e+00
-1.866611479241545801e+00
-1.866601346684859664e+00
-1.866600915212530909e+00
-1.866581864139033708e+00
-1.866550418420519941e+00
-1.866542578438853628e+00
-1.866497953469426374e+00
-1.866376387987844776e+00
-1.866100116817423160e+00
-1.866077388516705238e+00
-1.865431097424063323e+00
-1.865204230200323554e+00
-1.865147846242658058e+00
-1.865148971423479907e+00
-1.865236523896856458e+00
-1.865047359158087836e+00
-1.864853549735928429e+00
-1.864677877868623934e+00
-1.864612757756743733e+00
-1.864619849884448399e+00
-1.864565702288678573e+00
-1.863464809448734050e+00
-1.862926792046753377e+00
-1.862864980434566053e+00
-1.862576456578453277e+00
-1.862551095824074965e+00
-1.862624945521990982e+00
-1.863007271749912652e+00
-1.862922383133395199e+00
-1.861877234933719372e+00
-1.862517980140399043e+00
-1.865037815595298687e+00
-1.863393588570862569e+00
-1.863214789196924404e+00
-1.863376280436905397e+00
-1.863432164629678978e+00
-1.863204704223541786e+00
-1.863243178231672736e+00
-1.863302330199249734e+00
-1.863295864278528668e+00
-1.863491730480467012e+00
-1.863354088362466854e+00
-1.863335114186580821e+00
-1.867739724939712520e+00
-1.868822371514095471e+00
-1.871477889933079952e+00
-1.870572394880797074e+00
-1.870548122574447802e+00
-1.870548004345349957e+00
-1.870547708024763889e+00
-1.871932050558398952e+00
-1.861942106182305157e+00
-1.861979908497518599e+00
-1.863976437706877487e+00
-1.866070999132303232e+00
-1.867021957905546703e+00
-1.867040266022501172e+00
-1.867112712830413912e+00
-1.867177008887686229e+00
-1.868463389134373154e+00
-1.868796222833418952e+00
-1.869190165336025222e+00
-1.869265985662410756e+00
-1.869791575069407408e+00
-1.872335225877299614e+00
-1.872175572176730807e+00
-1.872366935790689801e+00
-1.872880294745644436e+00
-1.872947896684652669e+00
-1.873136916178069322e+00
-1.873330354201601766e+00
-1.873322819514353199e+00
-1.873328396521037886e+00
-1.873328101737142592e+00
-1.873468476043567588e+00
-1.873492084037939209e+00
-1.873527202646316780e+00
-1.873534182345865329e+00
-1.873611351687261672e+00
-1.873621885567892997e+00
-1.873623598790277178e+00
-1.873622782699086553e+00
-1.873689244024380862e+00
-1.873712500238801537e+00
-1.873814110662451071e+00
-1.873849587986475607e+00
-1.873853603201961260e+00
-1.873863600081156378e+00
-1.874005572818507659e+00
-1.874068862108229094e+00
-1.874065664616726634e+00
-1.874172710270167741e+00
-1.874171958098598934e+00
-1.874173152430019140e+00
-1.874196407349263183e+00
-1.874250938459763205e+00
-1.874251280701404454e+00
-1.874356506650759702e+00
-1.874355633577164060e+00
-1.874359236908544002e+00
-1.874369072950635484e+00
-1.874371074014474337e+00
-1.874575128895384024e+00
-1.874575331045342796e+00
-1.874596513613127735e+00
-1.874776815988266510e+00
-1.874819008752437455e+00
-1.874834729399202260e+00
-1.874838569239869912e+00
-1.874855829749261016e+00
-1.874879193800847776e+00
-1.874911465757426399e+00
-1.874925841683095395e+00
-1.874926286689371224e+00
-1.874927909831281214e+00
-1.874983184319708229e+00
-1.875089373650902003e+00
-1.875105320585854773e+00
-1.875105676709856839e+00
-1.875142486906400174e+00
-1.875215103296140828e+00
-1.875215388441588971e+00
-1.875215728844477292e+00
-1.875229605088580165e+00
-1.875230694131105658e+00
-1.875249666716471975e+00
-1.875252168474185854e+00
