-1.422201208086976365e+00
-1.422347276616109379e+00
-1.422246032711327546e+00
-1.422270127823904495e+00
-1.424119815621634366e+00
-1.425356579052833528e+00
-1.425622091538784275e+00
-1.426223278640299519e+00
-1.426352211688800775e+00
-1.425705150187298376e+00
-1.452680288919034224e+00
-1.463365795156481575e+00
-1.463946374303930265e+00
-1.463949363418605820e+00
-1.463967777058578168e+00
-1.467360699913070832e+00
-1.467490107593467652e+00
-1.467748285816980580e+00
-1.467882610910948626e+00
-1.468275595578907522e+00
-1.468750205813551535e+00
-1.468871456487769400e+00
-1.468755339627067613e+00
-1.468794017503042060e+00
-1.468848912162171505e+00
-1.469383408493106113e+00
-1.469635701809226092e+00
-1.469844963090845891e+00
-1.470281148063674825e+00
-1.472381070670203185e+00
-1.472705628460936111e+00
-1.472711095615760080e+00
-1.473528351739444853e+00
-1.474712416881393651e+00
-1.475137026360059167e+00
-1.476327073557688552e+00
-1.476688699915356118e+00
-1.477954426282557687e+00
-1.478048839137517723e+00
-1.478730773407695320e+00
-1.483956225323243894e+00
-1.483972884353464305e+00
-1.484563472145318919e+00
-1.484570030968188847e+00
-1.484851762301427680e+00
-1.485004694739365361e+00
-1.485006190510123503e+00
-1.485162217224911263e+00
-1.485675812658763029e+00
-1.487106673197176709e+00
-1.500475875459451158e+00
-1.501879707409535358e+00
-1.583336055335801129e+00
-1.682306893454468266e+00
-1.682308653580650626e+00
-1.682359279549203279e+00
-1.683911387786256597e+00
-1.685732454561436278e+00
-1.695443814004945260e+00
-1.696218077812509328e+00
-1.695806209093315919e+00
-1.703203736094948795e+00
-1.705402782315209809e+00
-1.710586516622897069e+00
-1.711749460225462816e+00
-1.724027985939663221e+00
-1.724217265344714756e+00
-1.724222981393268572e+00
-1.724501008638907873e+00
-1.725592871521073324e+00
-1.745310964770902196e+00
-1.757721439026608934e+00
-1.757850430306854506e+00
-1.761852402168378351e+00
-1.762002068839887858e+00
-1.762287299502079740e+00
-1.778917323248519589e+00
-1.779072602427387739e+00
-1.779153379001455093e+00
-1.779149999166358631e+00
-1.780483973393045538e+00
-1.830083281775874759e+00
-1.822565710623176294e+00
-1.826084167621077947e+00
-1.839643488021913020e+00
-1.839961151570714160e+00
-1.840012747086595457e+00
-1.840576509764881852e+00
-1.840850615496370857e+00
-1.841185961410014560e+00
-1.841193788353136185e+00
-1.841780554761845989e+00
-1.841862539203775739e+00
-1.841968371978421892e+00
-1.842531739225555576e+00
-1.842976168244895963e+00
-1.843226459392325545e+00
-1.849857554157920969e+00
-1.850228816201975768e+00
-1.852920627516921215e+00
-1.853111328569991834e+00
-1.853409518920105636e+00
-1.853386440140690983e+00
-1.853816403492944964e+00
-1.853695834868282599e+00
-1.853731894095844268e+00
-1.853752013639697438e+00
-1.853724291540489233e+00
-1.853732078410435191e+00
-1.853563064365541191e+00
-1.852072653332182295e+00
-1.850211081732790142e+00
-1.850385764275972900e+00
-1.850263179359580512e+00
-1.850269139330810386e+00
-1.850300844842876158e+00
-1.850444978520080719e+00
-1.850932367352762009e+00
-1.851069378521989828e+00
-1.852339572016776348e+00
-1.853510002672494661e+00
-1.853677397539860605e+00
-1.853687878592320537e+00
-1.853739244401902297e+00
-1.853784639998697248e+00
-1.853787145514726342e+00
-1.853888600436530698e+00
-1.854086890459841763e+00
-1.854274154637488792e+00
-1.854277412588532625e+00
-1.854297786599971465e+00
-1.854347139968345992e+00
-1.854525965026128320e+00
-1.856034030039684479e+00
-1.856133846038781954e+00
-1.856053425401340551e+00
-1.856078918549780354e+00
-1.858884793802455526e+00
-1.859001005761928838e+00
-1.859014695003617268e+00
-1.859444812337751163e+00
-1.859438957448118046e+00
-1.859322610155277999e+00
-1.858111404988573412e+00
-1.857837761280617617e+00
-1.858175629971007936e+00
-1.858436005240706068e+00
-1.858268460093603913e+00
-1.858656461759694345e+00
-1.858910960875935103e+00
-1.858901556378052433e+00
-1.859035120806626029e+00
-1.859158396483835407e+00
-1.859406892216135088e+00
-1.858893596771412637e+00
-1.859041273649350678e+00
-1.859042887553193246e+00
-1.859054728984189664e+00
-1.859252683740683754e+00
-1.859237223292481866e+00
-1.859231794816340599e+00
-1.859327870077021494e+00
-1.859458124240763066e+00
-1.859467205915840804e+00
-1.859639537478940063e+00
-1.859693185117889946e+00
-1.859699837378651743e+00
-1.859713887630578544e+00
-1.859721576929024511e+00
-1.859780526284543267e+00
-1.859818013794695357e+00
-1.859817948249287589e+00
-1.859859191782422094e+00
-1.859877206996606525e+00
-1.859891027254398255e+00
-1.859944163080595736e+00
-1.860003321842081725e+00
-1.859868377565478514e+00
-1.859852953465334746e+00
-1.859889700212152386e+00
-1.859477481252380882e+00
-1.859658651869974477e+00
-1.859640627969816107e+00
-1.859708833649791782e+00
-1.860019585821647947e+00
-1.860023516396748455e+00
-1.860030496566474678e+00
-1.860030973963564538e+00
-1.860095380337891013e+00
-1.860050312411324125e+00
-1.860054115328511948e+00
-1.860055367692430295e+00
-1.860067516297162271e+00
-1.860087948194134810e+00
-1.860051867327499941e+00
-1.860109558829304177e+00
-1.860123442925772252e+00
-1.860166549905920785e+00
-1.860225923011918026e+00
-1.860231680027258916e+00
-1.860250073399483117e+00
-1.860493552143049012e+00
-1.860544952189891355e+00
-1.860557046208370036e+00
-1.860604255640994076e+00
-1.860604857065552009e+00
-1.860768033145010936e+00
-1.860812987783716288e+00
-1.860742355847205598e+00
-1.860756255984833407e+00
-1.860720257503120756e+00
-1.860714422369993626e+00
-1.860722182759799059e+00
-1.861014234928010769e+00
-1.861239782215605931e+00
-1.860570926883749809e+00
-1.860619035492483420e+00
-1.861033011437926543e+00
-1.861396954708603557e+00
-1.861423347481651502e+00
-1.863074280852985876e+00
-1.864308693363920355e+00
-1.864255248294810929e+00
-1.864441111296867071e+00
-1.864380402292302952e+00
-1.865722019463600168e+00
-1.865428821138418680e+00
-1.865523424306456013e+00
-1.865610171702186904e+00
-1.865639927139800314e+00
-1.865685740392843961e+00
-1.865604729541989526e+00
-1.865803788401689367e+00
-1.865702556209168250e+00
-1.865771191224789849e+00
-1.865806116918366619e+00
-1.865807404843563333e+00
-1.865826221932933571e+00
-1.865819751083483080e+00
-1.865826751836428876e+00
-1.865828360190748825e+00
-1.865890113302702158e+00
-1.865898268679220262e+00
-1.865902644730499826e+00
-1.865902318309598185e+00
-1.865842637672116222e+00
-1.865843177280423149e+00
-1.865840878319517504e+00
-1.865843526184000289e+00
-1.865866355768670548e+00
-1.865902130322972141e+00
-1.865906803888573329e+00
-1.865915357025353050e+00
-1.865927415928121391e+00
-1.865941622840619374e+00
-1.865995133035879938e+00
-1.865995133024880737e+00
-1.865941622841002401e+00
-1.865927415936982303e+00
-1.865915357089683591e+00
-1.865906803856850482e+00
-1.865902130322376617e+00
-1.865866348980055545e+00
-1.865843526161250043e+00
-1.865840890553392750e+00
-1.865843174760061451e+00
-1.865842637671765392e+00
-1.865902317060404103e+00
-1.865902696676034367e+00
-1.865898349071382301e+00
-1.865890113302353548e+00
-1.865828370957262949e+00
-1.865824222226427409e+00
-1.865819745860982870e+00
-1.865826221992334499e+00
-1.865807406272832702e+00
-1.865806115633447781e+00
-1.865771747794295443e+00
-1.865702600512909592e+00
-1.865803788744090141e+00
-1.865604721479997341e+00
-1.865685739490859918e+00
-1.865639926451040154e+00
-1.865516442398002184e+00
-1.865521811744562664e+00
-1.865428790532141168e+00
-1.865721984703212932e+00
-1.864377695148276448e+00
-1.864441617945160612e+00
-1.864253942641820538e+00
-1.864317823071691471e+00
-1.858554970988614219e+00
-1.861423254796997107e+00
-1.861396954718212982e+00
-1.861033011436494800e+00
-1.860621266998396806e+00
-1.860570926656747393e+00
-1.861239781615248390e+00
-1.861014235076668299e+00
-1.860722182757801768e+00
-1.860714422521399403e+00
-1.860720232953157804e+00
-1.860756256092912064e+00
-1.860742355798294945e+00
-1.860812986189669171e+00
-1.860768033077858652e+00
-1.860604857185061967e+00
-1.860604255651871597e+00
-1.860557046224081468e+00
-1.860544952199548074e+00
-1.860493552156976538e+00
-1.860250073399526194e+00
-1.860231680027272461e+00
-1.860225923039596552e+00
-1.860166549911105083e+00
-1.860123442919436654e+00
-1.860109558829242893e+00
-1.860051866449200730e+00
-1.860087948100124233e+00
-1.860067516018610201e+00
-1.860055372273827112e+00
-1.860054115351022164e+00
-1.860050312324899258e+00
-1.860024784289929567e+00
-1.860030955451292822e+00
-1.860030496607451456e+00
-1.860023523144973545e+00
-1.860019585834348455e+00
-1.859708833649944104e+00
-1.859615621126020191e+00
-1.859658652187974548e+00
-1.859477236480654883e+00
-1.859889700292978620e+00
-1.859852953474265602e+00
-1.859868377167632758e+00
-1.860003321975201684e+00
-1.859944163079741974e+00
-1.859891027254376272e+00
-1.859877206997209154e+00
-1.859859191782876175e+00
-1.859817948244628205e+00
-1.859818013665693437e+00
-1.859780526283761892e+00
-1.859721576930197351e+00
-1.859713887631098572e+00
-1.859699837379250598e+00
-1.859693185149116967e+00
-1.859639537478913418e+00
-1.859467205914314913e+00
-1.859458124413198243e+00
-1.859327870113226977e+00
-1.859231878814287420e+00
-1.859237296796885097e+00
-1.859252683065236056e+00
-1.859054568707851463e+00
-1.859042889327467529e+00
-1.859033544446051955e+00
-1.858894421645187034e+00
-1.859406892046773230e+00
-1.859158396709215122e+00
-1.859035120899111604e+00
-1.858901549032554223e+00
-1.858910960706403159e+00
-1.858656461669948357e+00
-1.858268461428723928e+00
-1.858436049271386725e+00
-1.858175254541556853e+00
-1.857837746008530910e+00
-1.858111409088976096e+00
-1.859321742833776492e+00
-1.859438957507536072e+00
-1.859444812035069061e+00
-1.859014695739020562e+00
-1.859001005803906148e+00
-1.858884793964946214e+00
-1.856078918243305731e+00
-1.856053425355880693e+00
-1.856133845942061988e+00
-1.856034030005544899e+00
-1.854525965011946775e+00
-1.854347139950628609e+00
-1.854297785555423461e+00
-1.854277412595562335e+00
-1.854274154642169714e+00
-1.854086890459468284e+00
-1.853888600436528034e+00
-1.853787145516707424e+00
-1.853784639998799388e+00
-1.853739244402337949e+00
-1.853687878592388927e+00
-1.853677397538504135e+00
-1.853510002658147915e+00
-1.852339571920866845e+00
-1.851069378522544273e+00
-1.850932367351572516e+00
-1.850444978482332914e+00
-1.850300844842875714e+00
-1.850269139330905199e+00
-1.850263179360727150e+00
-1.850340180109045995e+00
-1.850210760643112184e+00
-1.852072466162755227e+00
-1.853563057496109279e+00
-1.853732063247307327e+00
-1.853724291835556759e+00
-1.853751904066750278e+00
-1.853731539900925540e+00
-1.853695829280964213e+00
-1.853414230857168610e+00
-1.853381782895291208e+00
-1.853409518136515111e+00
-1.853111328619989395e+00
-1.852920627445304946e+00
-1.850228816202033055e+00
-1.849857554114200830e+00
-1.850187754517583105e+00
-1.851382825531342036e+00
-1.851371289402025777e+00
-1.851258870319512528e+00
-1.851068062754706034e+00
-1.851032057874935521e+00
-1.851144484604127616e+00
-1.851586209638815594e+00
-1.851336720569649597e+00
-1.851384244572052307e+00
-1.852197568564388330e+00
-1.852809135996179579e+00
-1.854971251296226864e+00
-1.855007695485527908e+00
-1.851099235269639376e+00
-1.853346750575893598e+00
-1.853811759222042221e+00
-1.853181008245984751e+00
-1.853220760760702301e+00
-1.853218683630674102e+00
-1.851811801220773379e+00
-1.849172859463707130e+00
-1.850692058636349557e+00
-1.850012565586566016e+00
-1.851521726734774109e+00
-1.852160463968032911e+00
-1.851754828661274388e+00
-1.850935895250417573e+00
-1.850741481012549539e+00
-1.851130770780887724e+00
-1.851873051657122904e+00
-1.852575173440466738e+00
-1.852548627112587720e+00
-1.852701930258247254e+00
-1.855177175822034119e+00
-1.856039879726192998e+00
-1.856129559349488867e+00
-1.856014363775069675e+00
-1.856726593657520352e+00
-1.856412406561100514e+00
-1.856958388287037742e+00
-1.856364725614052080e+00
-1.856359789790804404e+00
-1.857377148614822282e+00
-1.853863834516559672e+00
-1.853277950856925926e+00
-1.854052312878128772e+00
-1.853761217820155238e+00
-1.854267276522539643e+00
-1.853685867097819795e+00
-1.853692102944579645e+00
-1.853697478520709652e+00
-1.853985606557587928e+00
-1.853997260424907978e+00
-1.854558505038410132e+00
-1.854609887886952135e+00
-1.854595448193212981e+00
-1.854657587226684834e+00
-1.855115881844899395e+00
-1.854892283564706368e+00
-1.854862435422799383e+00
-1.854911553032509985e+00
-1.854890999986533284e+00
-1.854929660891551757e+00
-1.854979867834645635e+00
-1.855404684303030516e+00
-1.855264166081061816e+00
-1.855632545169286995e+00
-1.851888885487921410e+00
-1.851910079959619981e+00
-1.851924244735939862e+00
-1.851971057520584329e+00
-1.852033552479036338e+00
-1.852058432204390037e+00
-1.852061217244102664e+00
-1.853885721176631751e+00
-1.853909822373117189e+00
-1.853937109034718755e+00
-1.853999472377526825e+00
-1.854055543962412900e+00
-1.854107170279952976e+00
-1.854282557585587909e+00
-1.854287751935142392e+00
-1.854292751545807860e+00
-1.854316308982850492e+00
-1.854603168103030164e+00
-1.854655935493766616e+00
-1.854643213299704829e+00
-1.854663894165169857e+00
-1.854679129449595454e+00
-1.854818609340562752e+00
-1.854834387228791348e+00
-1.854810292189558396e+00
-1.854878328545395361e+00
-1.854907418425877585e+00
-1.855047314546380388e+00
-1.855077926872104932e+00
-1.854029444525043369e+00
-1.854012903556326863e+00
-1.853902397385383205e+00
-1.853881527125522233e+00
-1.853951983299588102e+00
-1.853831841191632357e+00
-1.853779628600300100e+00
-1.853714694947717012e+00
-1.853709873731948399e+00
-1.853684015927740347e+00
-1.853777102204538618e+00
-1.853237304204834901e+00
-1.852994163865780086e+00
-1.853002029218987712e+00
-1.853000798646645020e+00
-1.852997791513184556e+00
-1.852762357697873341e+00
-1.852843577103479467e+00
-1.852715498486205981e+00
-1.852447380071488681e+00
-1.852359179368708642e+00
-1.852351631374368202e+00
-1.850512737322322021e+00
-1.850441505196555703e+00
-1.850441476135646468e+00
-1.850403184784895627e+00
-1.850384394541872313e+00
-1.850375661981381370e+00
-1.850240803309915583e+00
-1.854453997364302609e+00
-1.852633047023932278e+00
-1.852653465316263404e+00
-1.852608281171400417e+00
-1.852566866532050271e+00
-1.852413923104730742e+00
-1.852926676767300052e+00
-1.852433420565263500e+00
-1.852612528270491055e+00
-1.852440138079754828e+00
-1.852276512496881411e+00
-1.852332613568369535e+00
-1.852332065515283732e+00
-1.852410840238037260e+00
-1.851839559967779714e+00
-1.851864349288406597e+00
-1.851887258952588544e+00
-1.851817328639250970e+00
-1.851816031429871279e+00
-1.851824245132960511e+00
-1.852086721278353831e+00
-1.852000260636005535e+00
-1.848912815083971539e+00
-1.850247136944222159e+00
-1.848177114861701220e+00
-1.848190659041027750e+00
-1.848198721388713883e+00
-1.849354329251081452e+00
-1.849426805527812245e+00
-1.850095100691713679e+00
-1.850449897271633226e+00
-1.850816557808403706e+00
-1.850885434946004882e+00
-1.851161999447944240e+00
-1.851275714141326745e+00
-1.848960199909232216e+00
-1.849272122936992169e+00
-1.848938880258296225e+00
-1.847816339707761824e+00
-1.847511906123904257e+00
-1.847580887123190241e+00
-1.848356247196401014e+00
-1.849657709133460060e+00
-1.847947565402075831e+00
-1.848986424108085780e+00
-1.848358166431959937e+00
-1.847651557306027481e+00
-1.848601655401065136e+00
-1.850508507330539398e+00
-1.850478076583869980e+00
-1.850479019579585049e+00
-1.851488112233028449e+00
-1.851256159962255676e+00
-1.851613873435043578e+00
-1.855990181490339230e+00
-1.855502952692538399e+00
-1.856524543285100082e+00
-1.856735905755056315e+00
-1.856398001575477075e+00
-1.856546417439779884e+00
-1.856870978230853453e+00
-1.856898838383356898e+00
-1.856471072780664144e+00
-1.856565295757372835e+00
-1.856900783122422016e+00
-1.857281355837686831e+00
-1.857622608069657177e+00
-1.856722367055438028e+00
-1.856699171589776931e+00
-1.857133493012249614e+00
-1.857840829120822379e+00
-1.858356736750457427e+00
-1.859335867430805145e+00
-1.859314755545605546e+00
-1.859510110094312774e+00
-1.859844958875012999e+00
-1.860005018130066246e+00
-1.860727499833335852e+00
-1.860827157447245028e+00
-1.860179645311114793e+00
-1.860139809285629386e+00
-1.859454091955785815e+00
-1.859547635205904381e+00
-1.859074087125488273e+00
-1.859278325997434145e+00
-1.859277323636260970e+00
-1.859400517694956845e+00
-1.859993872793456404e+00
-1.861313012731445893e+00
-1.858448957625338238e+00
-1.859212495259415121e+00
-1.859644787199537852e+00
-1.859773744687250208e+00
-1.859609723926632263e+00
-1.860165179959894388e+00
-1.860360761133592167e+00
-1.860360734790189596e+00
-1.860474340933133242e+00
-1.861288259825707225e+00
-1.862632901455608891e+00
-1.862752331032842212e+00
-1.862834319985759102e+00
-1.858384538258300633e+00
-1.858432479372190915e+00
-1.859511845688601950e+00
-1.859609782370665210e+00
-1.862088144878616180e+00
-1.863140947540591785e+00
-1.864216077609300859e+00
-1.864614292540593965e+00
-1.864732939809952583e+00
-1.864915041723082645e+00
-1.865020268855106744e+00
-1.865322105225327931e+00
-1.865419424761111333e+00
-1.865386478073749243e+00
-1.865668698431844907e+00
-1.866237275110640192e+00
-1.866348476214791052e+00
-1.866434745956616403e+00
-1.866641060049771816e+00
-1.866673335220826457e+00
-1.866734758832348406e+00
-1.867018435049310643e+00
-1.867086578228559279e+00
-1.867118234397972198e+00
-1.867130569555115027e+00
-1.867272065708101891e+00
-1.867596702456125080e+00
-1.867885870976845553e+00
-1.867885442661541662e+00
-1.867885272437746824e+00
-1.868159121485800878e+00
-1.868294788708502185e+00
-1.868309342743582180e+00
-1.868419227496864732e+00
-1.868453954983123833e+00
-1.868488199846700226e+00
-1.868489242573455167e+00
-1.868502016989249892e+00
-1.868516403559184358e+00
-1.868675701085363183e+00
-1.868677408488643055e+00
-1.868762039705332390e+00
-1.868829777410704995e+00
-1.868864791863233066e+00
-1.868866438386888262e+00
-1.868949272815321860e+00
-1.868949591038013391e+00
-1.868961620583082128e+00
-1.869024213087388198e+00
-1.869139015808185533e+00
-1.869139019684634917e+00
-1.869143025005889580e+00
-1.869166280748530973e+00
-1.869320824625551047e+00
-1.869321073338574113e+00
-1.869324436606150996e+00
-1.869330292825044593e+00
-1.869343733818015441e+00
-1.869341686677060466e+00
-1.869394270755743603e+00
-1.869394517216311336e+00
-1.869409198553560136e+00
-1.869446579673082809e+00
-1.869454660735662133e+00
-1.869454841195290928e+00
-1.869542270105722270e+00
-1.869542967732245708e+00
-1.869589738229518128e+00
-1.869611238121860364e+00
-1.869612955434462265e+00
-1.869637926101704428e+00
-1.869652623511891543e+00
-1.869654515704273434e+00
-1.869658315447897401e+00
-1.869669068934840528e+00
-1.869695848622550560e+00
-1.869715798198831047e+00
-1.869715124776173631e+00
-1.869768682893009570e+00
-1.869768977677483068e+00
-1.869769110991003735e+00
-1.869772744578474422e+00
-1.870004694769910047e+00
-1.870440490927922639e+00
-1.870464820753036328e+00
-1.870527190882516511e+00
-1.870704723850303175e+00
-1.870980640584710253e+00
-1.871167182236600723e+00
-1.871868563912518768e+00
-1.873388630614163830e+00
-1.874028935366062854e+00
-1.874281538731953578e+00
-1.874866179263721566e+00
-1.875231560289203570e+00
-1.875350908934135585e+00
-1.875482918427339163e+00
-1.875521853783349790e+00
-1.875531780200348386e+00
-1.875532853586861615e+00
-1.875583459312067713e+00
-1.875710761271573990e+00
-1.875783659672268344e+00
-1.875809907305175939e+00
-1.875836384447322480e+00
-1.875833609005526537e+00
-1.875851874752708426e+00
-1.875855050487288178e+00
-1.875858378969058160e+00
-1.875857838715998982e+00
-1.875874707257797258e+00
-1.875885480450645515e+00
-1.875906448454084829e+00
-1.875918615146727308e+00
-1.875932517681764500e+00
-1.875935581987646872e+00
-1.875935950579249667e+00
-1.875951871654802705e+00
-1.875898891791163203e+00
-1.875899922211601067e+00
-1.875903602058332620e+00
-1.875904044383563729e+00
-1.875914705175487418e+00
-1.875915213721499608e+00
-1.875960407991623224e+00
-1.875960408002669499e+00
-1.875915213720403152e+00
-1.875914705175132813e+00
-1.875904044375564350e+00
-1.875903602057992003e+00
-1.875899922211557769e+00
-1.875898891794005596e+00
-1.875951871653527725e+00
-1.875935950422087162e+00
-1.875935530837666843e+00
-1.875932517681781153e+00
-1.875918615146746404e+00
-1.875885350031205823e+00
-1.875885480450459442e+00
-1.875874707257849439e+00
-1.875857385735677063e+00
-1.875858378969458728e+00
-1.875855050487777342e+00
-1.875851874751278903e+00
-1.875833729970757480e+00
-1.875809041769032071e+00
-1.875809907302503188e+00
-1.875783659400635184e+00
-1.875710761270379612e+00
-1.875583459312070600e+00
-1.875532853587837057e+00
-1.875531780191954212e+00
-1.875521853783394199e+00
-1.875482918422590295e+00
-1.875350908932988503e+00
-1.875231560292193844e+00
-1.874866179254065957e+00
-1.874281538731630725e+00
-1.874028935363047932e+00
-1.873388630616918515e+00
-1.871868563913213990e+00
-1.871167160558163678e+00
-1.870980640585230503e+00
-1.870704723837953942e+00
-1.870527190880792334e+00
-1.870464820753476420e+00
-1.870440490894368590e+00
-1.870004694771764564e+00
-1.869772744578217072e+00
-1.869769027052263777e+00
-1.869768977696665502e+00
-1.869768682892321010e+00
-1.869715124777175719e+00
-1.869715798177299604e+00
-1.869695848623060819e+00
-1.869669068946089752e+00
-1.869658315456462550e+00
-1.869654515704417541e+00
-1.869652623500247302e+00
-1.869637926123222993e+00
-1.869612955434461155e+00
-1.869611238127896424e+00
-1.869589738315554861e+00
-1.869542967726980365e+00
-1.869542270100599035e+00
-1.869454841195391293e+00
-1.869454660732665197e+00
-1.869446579672440434e+00
-1.869409198553520390e+00
-1.869394530447693770e+00
-1.869394270751555620e+00
-1.869341686676976533e+00
-1.869343733818031650e+00
-1.869326652768392716e+00
-1.869324436561139446e+00
-1.869321077565262001e+00
-1.869320824626461208e+00
-1.869166280742479813e+00
-1.869143025003960457e+00
-1.869138094466050948e+00
-1.869139015807799620e+00
-1.869024213086461161e+00
-1.868961620580140703e+00
-1.868949591032877944e+00
-1.868949272812752138e+00
-1.868866438386775020e+00
-1.868864791861125418e+00
-1.868829777409688697e+00
-1.868762039707744016e+00
-1.868677408486490776e+00
-1.868675701099145936e+00
-1.868516403568233564e+00
-1.868502016980487568e+00
-1.868489242569980613e+00
-1.868488199858941101e+00
-1.868453954991843968e+00
-1.868419227489424461e+00
-1.868309342746345747e+00
-1.868294788709523369e+00
-1.868159121485611029e+00
-1.867885272436996758e+00
-1.867885442659982687e+00
-1.867885870995630304e+00
-1.867596702574077838e+00
-1.867272065704183470e+00
-1.867130569554414921e+00
-1.867118234398850163e+00
-1.867086578232813210e+00
-1.867018435049357494e+00
-1.866734758841446684e+00
-1.866673335220313978e+00
-1.866641060050081347e+00
-1.866434745855610533e+00
-1.866348476208485874e+00
-1.866237275103272975e+00
-1.865668698434592931e+00
-1.865386478071687559e+00
-1.865419424746916910e+00
-1.865322105249684892e+00
-1.865020268855461349e+00
-1.864915041703813170e+00
-1.864732939809864209e+00
-1.864614292536949325e+00
-1.864216077603465527e+00
-1.863140947539007719e+00
-1.862088144881171470e+00
-1.859609782368974562e+00
-1.859511845571672151e+00
-1.858432477466841481e+00
-1.858384498037802812e+00
-1.862834340226882546e+00
-1.862752331816744711e+00
-1.860856807657649048e+00
-1.861288259984845261e+00
-1.860360984204372237e+00
-1.860360737471888681e+00
-1.860360761155938736e+00
-1.860165179964581528e+00
-1.859609723908473455e+00
-1.859773744681888719e+00
-1.859644786161574359e+00
-1.859212296473128134e+00
-1.858448957973443560e+00
-1.861312989783621585e+00
-1.859993872766869449e+00
-1.859400517679152154e+00
-1.859277348421682685e+00
-1.859278326005304072e+00
-1.859073337385238389e+00
-1.859547567135607871e+00
-1.859453994742556349e+00
-1.860139791573217405e+00
-1.860179637309911982e+00
-1.860827156866234677e+00
-1.860727499770350457e+00
-1.860004418048580188e+00
-1.859844958525668668e+00
-1.859510105014514414e+00
-1.859314732742105125e+00
-1.859335682151732394e+00
-1.858356268632411545e+00
-1.857838839073769455e+00
-1.860380087387242920e+00
-1.860204614049186800e+00
-1.858665855178897264e+00
-1.859226318715488713e+00
-1.859169628107336436e+00
-1.859010346289982518e+00
-1.858892157386973665e+00
-1.858815789864664225e+00
-1.858966453245655792e+00
-1.859034328113836176e+00
-1.859023380460954167e+00
-1.859106649017257862e+00
-1.859247578544962032e+00
-1.858943120812102112e+00
-1.858952339489329475e+00
-1.861840980968750170e+00
-1.862114657235990123e+00
-1.863878598338707393e+00
-1.863514202742590831e+00
-1.863383774285310546e+00
-1.863391863755857525e+00
-1.863633289547273364e+00
-1.864784279412815327e+00
-1.861723114679574520e+00
-1.862386258410528850e+00
-1.862081966960806412e+00
-1.859856467114458400e+00
-1.859984401965876888e+00
-1.860140544306446930e+00
-1.860211030150269007e+00
-1.859740393338526809e+00
-1.859890652869058414e+00
-1.860293033576025712e+00
-1.860497831449978712e+00
-1.859630180415614564e+00
-1.861347917095351079e+00
-1.862036894203808135e+00
-1.860850499724535867e+00
-1.860336481641002404e+00
-1.860125734984284573e+00
-1.859885454184064146e+00
-1.859621510318100412e+00
-1.859294558007748677e+00
-1.859017792933520763e+00
-1.859015524050414037e+00
-1.859007133522736055e+00
-1.859432757932319547e+00
-1.859438577620415423e+00
-1.860004034226741654e+00
-1.860048904799109337e+00
-1.860135348341055428e+00
-1.860143114620134597e+00
-1.860143656747945684e+00
-1.860158456165416307e+00
-1.860200421912255209e+00
-1.860200615838188742e+00
-1.860581596340951327e+00
-1.860583060980480763e+00
-1.860598270403607035e+00
-1.860664864835471999e+00
-1.860919247971057677e+00
-1.861026581894741572e+00
-1.861056317239512481e+00
-1.861179351028604767e+00
-1.861179123783942568e+00
-1.861188547855519237e+00
-1.861264836448799809e+00
-1.861356853985814297e+00
-1.861399363807831220e+00
-1.861669712895481554e+00
-1.861298802170462174e+00
-1.861324197548730242e+00
-1.861326225648698429e+00
-1.861424629157471200e+00
-1.861576495568370904e+00
-1.861577944641525928e+00
-1.861580619150822402e+00
-1.862019675235517813e+00
-1.862132318854521129e+00
-1.862041635995115074e+00
-1.862045506879979495e+00
-1.862059952407283614e+00
-1.862084284684182300e+00
-1.862151323849987605e+00
-1.862154915145600498e+00
-1.862158612985529649e+00
-1.862172856264284526e+00
-1.862222568728351124e+00
-1.862348599722510212e+00
-1.862347954162425268e+00
-1.862351487933311844e+00
-1.862369314800203401e+00
-1.862458715611677418e+00
-1.862460142229350524e+00
-1.862456482773618971e+00
-1.862480621412819115e+00
-1.862496400306396183e+00
-1.862526176965891622e+00
-1.862525758978237800e+00
