-1.422201208086976365e+00
-1.422347290911725404e+00
-1.422390471531052469e+00
-1.422414462686288905e+00
-1.424246758080708330e+00
-1.425412642385271100e+00
-1.425745041303694061e+00
-1.426501170380771732e+00
-1.425307262973905864e+00
-1.423324536047928524e+00
-1.451839125063749680e+00
-1.463200154582274592e+00
-1.455916109155809268e+00
-1.456218858100173374e+00
-1.456233817628627136e+00
-1.460523828923974810e+00
-1.460883945204183298e+00
-1.463193712068521890e+00
-1.463458920017452813e+00
-1.463403082600335470e+00
-1.462406971304709202e+00
-1.462872233182485049e+00
-1.462917680865323700e+00
-1.462902600252901752e+00
-1.462952430517673097e+00
-1.463472593958697443e+00
-1.463627376045470996e+00
-1.463656542980812381e+00
-1.464330630281111656e+00
-1.466269866962258916e+00
-1.466268515737657374e+00
-1.466551878447340362e+00
-1.467205489890205161e+00
-1.468093025318796485e+00
-1.468441031787329321e+00
-1.470004119048565983e+00
-1.470268656716732458e+00
-1.471305262395316227e+00
-1.471439532340926171e+00
-1.472098428641954282e+00
-1.477633192826538266e+00
-1.477679945333931766e+00
-1.478036014494849226e+00
-1.478050289975798570e+00
-1.478244467705732923e+00
-1.478328340493152204e+00
-1.478577785446141268e+00
-1.478728180962198824e+00
-1.479204578180713714e+00
-1.480474083151215314e+00
-1.483967251629667139e+00
-1.486710938551089711e+00
-1.565568621489071388e+00
-1.673766263493065232e+00
-1.673767600344227446e+00
-1.673777233371002149e+00
-1.674650271575121696e+00
-1.677642791212134776e+00
-1.688376632572477831e+00
-1.688445972447300214e+00
-1.688730564066929229e+00
-1.692506767015285574e+00
-1.698050277939171515e+00
-1.697434587979401277e+00
-1.690360259777798690e+00
-1.712412612655351385e+00
-1.712412797101080297e+00
-1.712377414975849721e+00
-1.712386315418635840e+00
-1.713388265313265713e+00
-1.731651815514240633e+00
-1.747688821536894421e+00
-1.747853933889951694e+00
-1.753565110500564739e+00
-1.753950297989451901e+00
-1.754172755026512265e+00
-1.772709085075316660e+00
-1.772798813156518882e+00
-1.772865037554750778e+00
-1.772868494593950794e+00
-1.774391528994725187e+00
-1.827697224766256845e+00
-1.828448303294665678e+00
-1.830838195520169798e+00
-1.840052574182286627e+00
-1.840955824957733356e+00
-1.841006894166059560e+00
-1.841308273796442574e+00
-1.841706531867989716e+00
-1.842271249611324491e+00
-1.842278513588376132e+00
-1.842375443579427508e+00
-1.842083241252892689e+00
-1.842094424073480896e+00
-1.842197312312397361e+00
-1.843002416001042976e+00
-1.843175422855857004e+00
-1.848547327411125263e+00
-1.849060361052503154e+00
-1.851513854626408273e+00
-1.851955080827824673e+00
-1.850797141553035541e+00
-1.850604737253752408e+00
-1.850679033354300396e+00
-1.850836795953846536e+00
-1.850571726059371480e+00
-1.852087224904094498e+00
-1.851097998865868455e+00
-1.851121771177504538e+00
-1.851254206672185987e+00
-1.851690336638651679e+00
-1.852017248835942542e+00
-1.850415551090211608e+00
-1.850596896095126676e+00
-1.850440952957292495e+00
-1.850573595917917036e+00
-1.850488691776222883e+00
-1.851600934283849753e+00
-1.850761591565349695e+00
-1.850850947889007392e+00
-1.849927294702485181e+00
-1.848694962043178069e+00
-1.848733374609117686e+00
-1.848870342055855209e+00
-1.849013051775346694e+00
-1.849016114487682660e+00
-1.849202040604405184e+00
-1.849526384702313564e+00
-1.850069909646121724e+00
-1.850328804427563423e+00
-1.851458534050617555e+00
-1.851560795707852591e+00
-1.851388884994688677e+00
-1.852451220341698068e+00
-1.852574490370243465e+00
-1.852727220191691782e+00
-1.853011927048782370e+00
-1.855342971363495463e+00
-1.855470577053411230e+00
-1.855525402989500083e+00
-1.855996860805466664e+00
-1.856111503091125048e+00
-1.856877039198869372e+00
-1.856904374223208087e+00
-1.856877563980375623e+00
-1.857152633661289798e+00
-1.857715823276735900e+00
-1.857762465529308127e+00
-1.857872215670519855e+00
-1.858156500584627224e+00
-1.858175990278746248e+00
-1.858226874890007707e+00
-1.858724287528347396e+00
-1.858756021217974119e+00
-1.858764525239006371e+00
-1.858796065720375257e+00
-1.858941608113903854e+00
-1.859120179494384351e+00
-1.859348322100393691e+00
-1.859364888741487087e+00
-1.859405748522223956e+00
-1.859670386806608455e+00
-1.859793484115245699e+00
-1.859824531143765558e+00
-1.859914671324680580e+00
-1.860059210833819199e+00
-1.860071857800744244e+00
-1.860086366521372492e+00
-1.860100793499621652e+00
-1.860107198926203242e+00
-1.860146819150891861e+00
-1.860147288217636863e+00
-1.860238157299200612e+00
-1.860241520400239379e+00
-1.860273347326664162e+00
-1.860276097487305602e+00
-1.860297320414469269e+00
-1.860332713073374222e+00
-1.860336642728443346e+00
-1.860357339517462627e+00
-1.860546530186287573e+00
-1.860546658408227749e+00
-1.860546398158837045e+00
-1.860555736724431863e+00
-1.860781281977569535e+00
-1.860783261075815265e+00
-1.860792364602059212e+00
-1.860801697261951215e+00
-1.860799568120625080e+00
-1.860804973225259840e+00
-1.860859267596557842e+00
-1.860858717690389019e+00
-1.860873760193559878e+00
-1.860875814342003443e+00
-1.860875570524370026e+00
-1.860919667518933007e+00
-1.860962766463974294e+00
-1.860815923643520664e+00
-1.860846917259516564e+00
-1.858939189374188228e+00
-1.858946335062927613e+00
-1.858819075492770700e+00
-1.859655219436285423e+00
-1.859783461587072750e+00
-1.859805973147091507e+00
-1.859787136059616097e+00
-1.859205012496984999e+00
-1.859419614418767353e+00
-1.858011255946881768e+00
-1.857929007280512135e+00
-1.857931492308110055e+00
-1.857927540702399183e+00
-1.857931681148334402e+00
-1.857916864708731186e+00
-1.858372395445603509e+00
-1.858578789893817529e+00
-1.858741439210591206e+00
-1.859083578679298077e+00
-1.859557196314073346e+00
-1.859683995746716167e+00
-1.860582088231057307e+00
-1.862452860773529562e+00
-1.863298917370783681e+00
-1.864042886772085073e+00
-1.864956809610187616e+00
-1.865286540488837241e+00
-1.865424857280668203e+00
-1.865685299490576599e+00
-1.865698826572808278e+00
-1.865699970087488335e+00
-1.865701634934536113e+00
-1.865789373520662098e+00
-1.865835336429968461e+00
-1.865843985056152565e+00
-1.865847821891446268e+00
-1.865886479382519836e+00
-1.865876156171891065e+00
-1.865945189423859008e+00
-1.866093602427354448e+00
-1.866098240513207607e+00
-1.866097779687306168e+00
-1.866110682643324914e+00
-1.866131331447658859e+00
-1.866198517580913263e+00
-1.866701356046309268e+00
-1.866702546531330498e+00
-1.866705512481235729e+00
-1.866705136867795822e+00
-1.866712171154933708e+00
-1.866717996192413409e+00
-1.866724935000406038e+00
-1.866738270520040821e+00
-1.866802408937766167e+00
-1.866814923099382018e+00
-1.866815159622780440e+00
-1.866935210003337620e+00
-1.866935210003756840e+00
-1.866815159625106357e+00
-1.866814923099812340e+00
-1.866802408901449883e+00
-1.866738270520239551e+00
-1.866724935006241370e+00
-1.866717996220054188e+00
-1.866712171155263444e+00
-1.866705135754435974e+00
-1.866705520930605156e+00
-1.866702546529385831e+00
-1.866701356046334137e+00
-1.866137878787188953e+00
-1.866131331445193720e+00
-1.866110682643867813e+00
-1.866097418597777446e+00
-1.866098240513213380e+00
-1.865944761319246359e+00
-1.865945189421955863e+00
-1.865876156172245226e+00
-1.865847820319723738e+00
-1.865847821889775382e+00
-1.865843985051514053e+00
-1.865835336429987779e+00
-1.865789373503670134e+00
-1.865701634951665522e+00
-1.865699970086899917e+00
-1.865698826570770130e+00
-1.865685299490059679e+00
-1.865424857289878169e+00
-1.865286540487546940e+00
-1.864956809735393684e+00
-1.864042789075956330e+00
-1.863296838894396679e+00
-1.862479672703555522e+00
-1.860582083423886646e+00
-1.859683663564669853e+00
-1.859557195419864639e+00
-1.859083578493708311e+00
-1.858741439265141793e+00
-1.858429381563506677e+00
-1.858372397328522885e+00
-1.857916819099916239e+00
-1.857918776723024301e+00
-1.857927541815659556e+00
-1.857931441864145050e+00
-1.857928994005676682e+00
-1.858011256054045601e+00
-1.859419578335589573e+00
-1.859203509866142578e+00
-1.859787141048261372e+00
-1.859805971651632195e+00
-1.859783461865754273e+00
-1.859655192388537825e+00
-1.858819080480058172e+00
-1.858946322752144553e+00
-1.858939162859176708e+00
-1.860846908269652378e+00
-1.860815916512937873e+00
-1.860962766192113538e+00
-1.860919667813920153e+00
-1.860875547797837370e+00
-1.860875814325908095e+00
-1.860873760204941663e+00
-1.860858717808610674e+00
-1.860859267570817321e+00
-1.860804973237935034e+00
-1.860799568125870440e+00
-1.860801697261948995e+00
-1.860792364602086302e+00
-1.860783261069842487e+00
-1.860781281977818669e+00
-1.860555736722883546e+00
-1.860546398157976178e+00
-1.860546655585523235e+00
-1.860546530171107715e+00
-1.860357339501931051e+00
-1.860336642720170630e+00
-1.860332713071505495e+00
-1.860297320413373257e+00
-1.860276097486772695e+00
-1.860273347311846237e+00
-1.860241520395255144e+00
-1.860238157310582618e+00
-1.860147288215368011e+00
-1.860146819152086684e+00
-1.860107198945160523e+00
-1.860100793494532390e+00
-1.860086366522732071e+00
-1.860071857800106976e+00
-1.860059210834361654e+00
-1.859914671194045077e+00
-1.859824642062592570e+00
-1.859793484053292811e+00
-1.859404969239939920e+00
-1.859405748523371482e+00
-1.859364888741567690e+00
-1.859348322102103879e+00
-1.859120179471119405e+00
-1.858941608113357402e+00
-1.858784330739459589e+00
-1.858764525294923864e+00
-1.858756021165777428e+00
-1.858724287530699959e+00
-1.858226872719263234e+00
-1.858175990308250425e+00
-1.858156500583876714e+00
-1.857872215580119502e+00
-1.857762465529300133e+00
-1.857715823277770628e+00
-1.857152633670019259e+00
-1.856877563979799639e+00
-1.856904374222883902e+00
-1.856877039172292632e+00
-1.856111503091221193e+00
-1.855996860804740578e+00
-1.855525402989409045e+00
-1.855470577053631942e+00
-1.855342971338219904e+00
-1.853011927048557439e+00
-1.852727220197572189e+00
-1.852574490333283475e+00
-1.852451220131455134e+00
-1.851388885023775188e+00
-1.851560795709296769e+00
-1.851458533649507743e+00
-1.850328804403138072e+00
-1.850069909638538679e+00
-1.849526384702525394e+00
-1.849202040604452479e+00
-1.849012679490811939e+00
-1.849013051941176933e+00
-1.848870342091423424e+00
-1.848733400988041398e+00
-1.848693693932606630e+00
-1.849926655307005285e+00
-1.850850037353081179e+00
-1.850761587109790440e+00
-1.850780451502091584e+00
-1.850487032088588668e+00
-1.850574125897970212e+00
-1.850440919447769783e+00
-1.850596895554912136e+00
-1.850415414255730751e+00
-1.852017154201045956e+00
-1.851686387284056767e+00
-1.851254215971676942e+00
-1.851121770180776505e+00
-1.851097989943353284e+00
-1.852087226294977462e+00
-1.850571184193461338e+00
-1.850836797479553653e+00
-1.850679053795198037e+00
-1.850604736972673248e+00
-1.850797129083867620e+00
-1.851955080872258907e+00
-1.851513854637361955e+00
-1.849060361046403811e+00
-1.848546908148402057e+00
-1.848991233983778182e+00
-1.850095490847035951e+00
-1.849462996683577387e+00
-1.849252706705974969e+00
-1.849268373072269878e+00
-1.849404232979493301e+00
-1.849616832392271704e+00
-1.849520837756990499e+00
-1.849516829892373426e+00
-1.849308291631139411e+00
-1.849631181681628433e+00
-1.849433471172105214e+00
-1.849798175994316063e+00
-1.858862710121461870e+00
-1.857657962954078368e+00
-1.849691922268037914e+00
-1.850139220068665047e+00
-1.849654894928125293e+00
-1.849693967209046219e+00
-1.849678162595375763e+00
-1.849584614189383469e+00
-1.850108706271063053e+00
-1.851145720955959639e+00
-1.852561042481623010e+00
-1.854076652178537454e+00
-1.855036199082860993e+00
-1.855673321660439523e+00
-1.854866083383854836e+00
-1.854873924703193788e+00
-1.855165954817564966e+00
-1.855711748641448278e+00
-1.856497107925538792e+00
-1.857005467786152275e+00
-1.858260450084671334e+00
-1.861730641722134205e+00
-1.863092900130571383e+00
-1.863166536680584739e+00
-1.863340611202446429e+00
-1.863861123381966856e+00
-1.863943826133184656e+00
-1.864102726396122289e+00
-1.864105700612453287e+00
-1.864130932027771692e+00
-1.864816551083023022e+00
-1.860961747529368493e+00
-1.860830150545611961e+00
-1.861128576969584891e+00
-1.861108192192909794e+00
-1.861598330531079926e+00
-1.861305442879801930e+00
-1.861304012149075815e+00
-1.861324220561024756e+00
-1.861568168537939050e+00
-1.861578599384406729e+00
-1.861692523763164075e+00
-1.861755917830449913e+00
-1.861759444968136279e+00
-1.861786577850091939e+00
-1.862234990304511895e+00
-1.862264259255188570e+00
-1.862250499783973501e+00
-1.862306820088321047e+00
-1.862299136784810294e+00
-1.862301802754954494e+00
-1.862355281791618911e+00
-1.862589417407011005e+00
-1.862549544183266015e+00
-1.862903252592100545e+00
-1.862879114656200041e+00
-1.862884544505103435e+00
-1.862883458151475491e+00
-1.862934867595080757e+00
-1.863007261591075325e+00
-1.863014544752531698e+00
-1.863034555517079527e+00
-1.863247594587012390e+00
-1.863271686008074246e+00
-1.863276181005851573e+00
-1.863294953353009209e+00
-1.863317586775018686e+00
-1.863381202972391293e+00
-1.863447462843088154e+00
-1.863594261694730969e+00
-1.863434994290186442e+00
-1.863465903752865138e+00
-1.863530169874895837e+00
-1.863594725486652059e+00
-1.863569223250514995e+00
-1.863573692744428190e+00
-1.863580045116689066e+00
-1.863658054433287026e+00
-1.863682109104793483e+00
-1.863667125314802497e+00
-1.863682225224546851e+00
-1.863689648089323248e+00
-1.863735665055647139e+00
-1.863775508442853557e+00
-1.863391578153452688e+00
-1.863384457793103355e+00
-1.863340408416879868e+00
-1.863336298612801478e+00
-1.863367620091494148e+00
-1.863345883602969266e+00
-1.863344306989991539e+00
-1.863312666040483290e+00
-1.863309624283101984e+00
-1.863308734399769850e+00
-1.863318610158934741e+00
-1.863056101736938697e+00
-1.863070169575348212e+00
-1.863059737906012536e+00
-1.863048131057577050e+00
-1.863048622372187824e+00
-1.862998913369918075e+00
-1.863012232178633987e+00
-1.862956280875238013e+00
-1.862941820693684081e+00
-1.862810580412204375e+00
-1.862800228353944654e+00
-1.862620931601528085e+00
-1.862595011326630079e+00
-1.862595173781627089e+00
-1.862553837649873145e+00
-1.862492777187274129e+00
-1.862481829183153970e+00
-1.862478601077838025e+00
-1.862528221687286933e+00
-1.862077221826338613e+00
-1.862082090700718062e+00
-1.861951770022013619e+00
-1.861915892467800981e+00
-1.861860365198786615e+00
-1.861884097454872045e+00
-1.861618510561268147e+00
-1.861647938003818226e+00
-1.861332357376954683e+00
-1.861201174700689576e+00
-1.861196681088438609e+00
-1.861108992682594110e+00
-1.861126738216067666e+00
-1.861049610756097206e+00
-1.861053501954781808e+00
-1.860992793123265265e+00
-1.860991805940584554e+00
-1.860990409249457356e+00
-1.860987959474802667e+00
-1.860883193401242641e+00
-1.860806714256033167e+00
-1.860506329140982906e+00
-1.860519593711913888e+00
-1.861198607929316129e+00
-1.861208699413622991e+00
-1.861208665017581421e+00
-1.861383574688894704e+00
-1.861489578395581379e+00
-1.861423070787754597e+00
-1.861280128056316485e+00
-1.861872202022826439e+00
-1.861407744421816002e+00
-1.861045127741995930e+00
-1.859124801120363824e+00
-1.858170019544063134e+00
-1.858844006315834907e+00
-1.858690882751935725e+00
-1.858773810911977797e+00
-1.857898607953619052e+00
-1.857743201734920691e+00
-1.858272501058451098e+00
-1.858654883661112089e+00
-1.856825510532754464e+00
-1.855970761028116423e+00
-1.854480995887556105e+00
-1.853687361666937594e+00
-1.854167009409126265e+00
-1.853036477090549639e+00
-1.853017152684946378e+00
-1.853010422798278878e+00
-1.853667954417934194e+00
-1.853446178043488546e+00
-1.864074641931866338e+00
-1.863747562640883704e+00
-1.857584444914696986e+00
-1.857249994975305629e+00
-1.857507893803728383e+00
-1.857179174843503144e+00
-1.857346229992568709e+00
-1.857410044684577821e+00
-1.857774298666621693e+00
-1.857455232142855461e+00
-1.857484838484917411e+00
-1.858125452165575453e+00
-1.857915893890673242e+00
-1.858111994933805633e+00
-1.858744461435276385e+00
-1.858036602731952591e+00
-1.855143879579522981e+00
-1.858064623342602362e+00
-1.857548225910971684e+00
-1.858876624876043104e+00
-1.857379505638246719e+00
-1.857608879681544423e+00
-1.857403714822221996e+00
-1.857928311117604148e+00
-1.860380387942013325e+00
-1.860340364622544040e+00
-1.860421916943629794e+00
-1.859218007219269886e+00
-1.857494689640853291e+00
-1.858346734719332094e+00
-1.853958751721942910e+00
-1.853764526402778223e+00
-1.853731410132326340e+00
-1.853736762830830997e+00
-1.853858343898582284e+00
-1.854085410206768980e+00
-1.854365059301341212e+00
-1.855802098498508634e+00
-1.855212740755513678e+00
-1.853101348296947393e+00
-1.852828345374587737e+00
-1.852873675858158098e+00
-1.852876028820911625e+00
-1.852893123062208769e+00
-1.853111446834871057e+00
-1.853135875198440363e+00
-1.853405680066904093e+00
-1.854153432144736158e+00
-1.856865883249560367e+00
-1.857021640557763975e+00
-1.857081329259547164e+00
-1.857648892978674748e+00
-1.857859652105550596e+00
-1.857959284619488338e+00
-1.858063573036995431e+00
-1.859185793094032535e+00
-1.859637494102544419e+00
-1.859654623248978567e+00
-1.860148234338109052e+00
-1.860238718001500313e+00
-1.860795841834142372e+00
-1.860814593405552220e+00
-1.860781734640521323e+00
-1.861140904596228607e+00
-1.861657142604413728e+00
-1.861707613273837936e+00
-1.861845101575624328e+00
-1.862052338788269257e+00
-1.862063731443158066e+00
-1.862134800782901500e+00
-1.862528941922642511e+00
-1.862549665822935463e+00
-1.862573436179148390e+00
-1.862574538575052729e+00
-1.862721674085537238e+00
-1.862857588765459926e+00
-1.863014675093580541e+00
-1.863014620482452033e+00
-1.863016651819923153e+00
-1.863599209966886328e+00
-1.863814922871068314e+00
-1.863818379311144469e+00
-1.863960856051195769e+00
-1.864059296417262868e+00
-1.864081532516420836e+00
-1.864082631974466331e+00
-1.864100079347203565e+00
-1.864101782621030212e+00
-1.864170819067087592e+00
-1.864200534925718244e+00
-1.864253343895804216e+00
-1.864289786543976923e+00
-1.864259262297070174e+00
-1.864330117925940167e+00
-1.864395833193107865e+00
-1.864404538243626064e+00
-1.864298319661992664e+00
-1.863547901912318672e+00
-1.863545843691302384e+00
-1.863657904659032472e+00
-1.863662056745469364e+00
-1.863708821571650187e+00
-1.863822324292917720e+00
-1.863823738517678130e+00
-1.863824650241607817e+00
-1.863832115430218872e+00
-1.863868507851658141e+00
-1.863880193024916254e+00
-1.863881938874276667e+00
-1.863882148062834476e+00
-1.863909360126203341e+00
-1.863949786363295225e+00
-1.863956140857678356e+00
-1.863968624986267475e+00
-1.864026050226386566e+00
-1.864026446588941788e+00
-1.864078116612287284e+00
-1.864078119878880724e+00
-1.864094959511879424e+00
-1.864197951952723198e+00
-1.864198357607813383e+00
-1.864196410387332747e+00
-1.864197186850018451e+00
-1.864208887544257287e+00
-1.864134544171939689e+00
-1.864132361139754002e+00
-1.864107846059662066e+00
-1.863927697319208265e+00
-1.863959513093160547e+00
-1.863920337066459876e+00
-1.863924897492164057e+00
-1.864240711966898223e+00
-1.865238691997443077e+00
-1.865016528001175455e+00
-1.859169719844372626e+00
-1.859531561885856110e+00
-1.856179244216868085e+00
-1.856262314521128998e+00
-1.858388097610807366e+00
-1.855401383212846200e+00
-1.855675543865771271e+00
-1.855863722635086033e+00
-1.855878526454878052e+00
-1.856523455424459845e+00
-1.856154570412852367e+00
-1.855852662501110029e+00
-1.855903228295498142e+00
-1.855863392238584098e+00
-1.855510368894226270e+00
-1.855391884581319983e+00
-1.854764263183249495e+00
-1.854360498850836425e+00
-1.854427075824712556e+00
-1.854456759133733534e+00
-1.854459946155137873e+00
-1.854046616192331465e+00
-1.854447165409755405e+00
-1.854445530733199510e+00
-1.854451080339229341e+00
-1.854473489486544002e+00
-1.854348306877545705e+00
-1.854351211006104228e+00
-1.854387375196266063e+00
-1.853088001610368130e+00
-1.853065052846940564e+00
-1.853062390400951109e+00
-1.853090827934551710e+00
-1.853402173747330295e+00
-1.853523909124985991e+00
-1.853567706539701820e+00
-1.853676956418920829e+00
-1.853718030965275210e+00
-1.853718747865592098e+00
-1.853813966299966642e+00
-1.853813966307288119e+00
-1.853718747861315741e+00
-1.853718030966120534e+00
-1.853676956418857547e+00
-1.853567706539901216e+00
-1.853523909125266877e+00
-1.853402173747644266e+00
-1.853090827932110773e+00
-1.853062390741471832e+00
-1.853065052258191514e+00
-1.853088024213467744e+00
-1.854387257705305991e+00
-1.854351181022122708e+00
-1.854348295009965897e+00
-1.854482285912083750e+00
-1.854451370600161075e+00
-1.854445479965123322e+00
-1.854447004190547421e+00
-1.854046846862836162e+00
-1.854459938720337320e+00
-1.854456757324728811e+00
-1.854427274662704406e+00
-1.854360407254123988e+00
-1.854764149383882899e+00
-1.855390864093277026e+00
-1.855576129433641919e+00
-1.855863314699328193e+00
-1.855903179685859605e+00
-1.855852255929447470e+00
-1.856154483613649875e+00
-1.855136404834534236e+00
-1.857154692255079453e+00
-1.855863843882959330e+00
-1.855674136670764085e+00
-1.853423282234115899e+00
-1.858388118635751596e+00
-1.856262226488659461e+00
-1.856178453885332313e+00
-1.859531563181017422e+00
-1.859170114099363058e+00
-1.865016509827525315e+00
-1.865238699066944505e+00
-1.864240711197858502e+00
-1.863924897354812149e+00
-1.863920335860828725e+00
-1.863959516645505632e+00
-1.863927697182166554e+00
-1.864107845958318910e+00
-1.864132353411464882e+00
-1.864134542820660156e+00
-1.864208884456036941e+00
-1.864197187140572698e+00
-1.864196410053456709e+00
-1.864198357137690110e+00
-1.864197952018243676e+00
-1.864094959503526550e+00
-1.864078119880367979e+00
-1.864078116613390623e+00
-1.864026446518511682e+00
-1.864026050222993502e+00
-1.863968624986266587e+00
-1.863956140857724764e+00
-1.863949786363291894e+00
-1.863909360126068560e+00
-1.863882149022842771e+00
-1.863881938876460254e+00
-1.863880193024963328e+00
-1.863868507851659695e+00
-1.863832115429241210e+00
-1.863824650241555414e+00
-1.863823308921531474e+00
-1.863822324289358345e+00
-1.863708821571691709e+00
-1.863618845239968680e+00
-1.863657874918020596e+00
-1.863545795605853206e+00
-1.863547901157851960e+00
-1.864298286422886308e+00
-1.864404539166726993e+00
-1.864395833624021392e+00
-1.864330118055111507e+00
-1.864259759466918798e+00
-1.864289786536685423e+00
-1.864253343985560862e+00
-1.864200534929905340e+00
-1.864170819120418265e+00
-1.864101782622400894e+00
-1.864100079340747840e+00
-1.864082631962226566e+00
-1.864081532517968709e+00
-1.864059296416420874e+00
-1.863960856047488512e+00
-1.863818379312949247e+00
-1.863814922871049884e+00
-1.863599209938974433e+00
-1.863016651814111357e+00
-1.863014620482472017e+00
-1.863014675258301667e+00
-1.862857588765699957e+00
-1.862721674085417556e+00
-1.862574538575083816e+00
-1.862573436178241337e+00
-1.862549665820373734e+00
-1.862528941922684478e+00
-1.862134800799971401e+00
-1.862063731504536523e+00
-1.862052338798456219e+00
-1.861845101706193661e+00
-1.861707613273587247e+00
-1.861657142583637903e+00
-1.861140904438362220e+00
-1.860781734641234086e+00
-1.860814593411554974e+00
-1.860795841837481923e+00
-1.860238718001335334e+00
-1.860148234338106388e+00
-1.859654623249046512e+00
-1.859637494101623822e+00
-1.859185793102554385e+00
-1.858063573032715965e+00
-1.857959284612807904e+00
-1.857859652104554504e+00
-1.857648892979028021e+00
-1.857081329259716806e+00
-1.857021640558744746e+00
-1.856865883247694082e+00
-1.854153432071172336e+00
-1.853405680066427141e+00
-1.853135875198201887e+00
-1.853111446834878606e+00
-1.852893123078461324e+00
-1.852876028819564258e+00
-1.852873675858137226e+00
-1.852807221962190498e+00
-1.853072281182821524e+00
-1.855530526842023908e+00
-1.855802129801854328e+00
-1.854365059917098879e+00
-1.854076018857043096e+00
-1.853851789609797684e+00
-1.853736737188199868e+00
-1.853731370264218414e+00
-1.853764456650698778e+00
-1.853958712400719522e+00
-1.858346714232616215e+00
-1.858616703994393937e+00
-1.859675376486290332e+00
-1.860421869490798130e+00
-1.860340123051431593e+00
-1.856533816466458209e+00
-1.855440531437212215e+00
-1.857403711387566769e+00
-1.857411129807813754e+00
-1.857379387205819743e+00
-1.857638726702085741e+00
-1.858885523210558111e+00
-1.848919653855732648e+00
-1.855144034729705016e+00
-1.858034473817239851e+00
-1.858991108844308071e+00
-1.858841021193363030e+00
-1.858731712770385958e+00
-1.858942951088663476e+00
-1.858661768908790091e+00
-1.858597279350230558e+00
-1.858629783872541186e+00
-1.858781597083018600e+00
-1.858770611738513212e+00
-1.858759615988673675e+00
-1.859010600874609231e+00
-1.858891168555072859e+00
-1.859769187351189679e+00
-1.863030751199920676e+00
-1.853517294377247548e+00
-1.853345865782472401e+00
-1.853486487115060921e+00
-1.853389186807011146e+00
-1.853392617351238947e+00
-1.853444952075611996e+00
-1.850697796605784262e+00
-1.850892018854934484e+00
-1.851801261498030371e+00
-1.851616505534677604e+00
-1.851848358152020868e+00
-1.853249058527201232e+00
-1.853362342075838276e+00
-1.851668990574673046e+00
-1.851706684535930680e+00
-1.853099344223292810e+00
-1.853673376803402384e+00
-1.854381442675131941e+00
-1.854494835969497046e+00
-1.855484475010384049e+00
-1.857559169150507339e+00
-1.858092161472360004e+00
-1.858420303431802978e+00
-1.858690239182574810e+00
-1.855423340025167400e+00
-1.855276470008457412e+00
-1.855001216634847516e+00
-1.851923010083916576e+00
-1.852001789320438352e+00
-1.851994324721471852e+00
-1.851348117412561667e+00
-1.851343713635189570e+00
-1.852374047159755399e+00
-1.852451241348008981e+00
-1.852802512406197533e+00
-1.852794191343787089e+00
-1.852781793376588215e+00
-1.852782350065369066e+00
-1.852831425922907282e+00
-1.852825734234309740e+00
-1.852919306353622231e+00
-1.852894317046854367e+00
-1.852390632752084709e+00
-1.852224205067769081e+00
-1.852212780289361760e+00
-1.852464724920380945e+00
-1.852461441693634026e+00
-1.852745623976917555e+00
-1.852665894450775674e+00
-1.852753498621999784e+00
-1.852861708749700353e+00
-1.852479372746941966e+00
-1.852529211452544011e+00
-1.852786319203614696e+00
-1.852786021368369340e+00
-1.852791985372530315e+00
-1.852794521090547875e+00
-1.852872287884792968e+00
-1.852941556519075661e+00
-1.852949155489070243e+00
-1.853018501490496739e+00
-1.853412098735661928e+00
-1.853440988308427517e+00
-1.853445068870413603e+00
-1.853431334956429311e+00
-1.853425501989793389e+00
-1.853546423205460814e+00
-1.853605446735236084e+00
-1.853607251977516412e+00
-1.853612934694977010e+00
-1.853636543788808488e+00
-1.853701032805479709e+00
-1.853764768047263978e+00
-1.853764691646969887e+00
-1.853765957448249013e+00
-1.853744615878959223e+00
-1.853854946283255201e+00
-1.853614397822850535e+00
-1.853476164919606317e+00
-1.853521460086268391e+00
-1.853524106248115810e+00
-1.853562490171587918e+00
-1.853198946552258697e+00
-1.853198654376229326e+00
-1.853562491731461037e+00
-1.853508317620033985e+00
-1.853495767034375907e+00
-1.853476174936305565e+00
-1.853614395567305895e+00
-1.853854946290887540e+00
-1.853744564660540828e+00
-1.853765960337942387e+00
-1.853764691685046317e+00
-1.853764768023563825e+00
-1.853701032827814510e+00
-1.853636543786826962e+00
-1.853609139261421568e+00
-1.853607255535864695e+00
-1.853605446773678445e+00
-1.853546421574131742e+00
-1.853425501883925186e+00
-1.853431335028627780e+00
-1.853445068757249681e+00
-1.853440988296589431e+00
-1.853412098752507120e+00
-1.853018501490490966e+00
-1.852949152194936389e+00
-1.852941556519081212e+00
-1.852872287841781596e+00
-1.852794521091625235e+00
-1.852791985373371197e+00
-1.852786026909254868e+00
-1.852786319209354993e+00
-1.852529186474930256e+00
-1.852479372749823661e+00
-1.852861709004624213e+00
-1.851940059288984308e+00
-1.852665894569154315e+00
-1.852745623432326738e+00
-1.852461437823010204e+00
-1.851951772324551548e+00
-1.852212779920175745e+00
-1.851044389381718780e+00
-1.852390627552721103e+00
-1.852893988235347233e+00
-1.852919307918404312e+00
-1.852825724800160501e+00
-1.852831426550687111e+00
-1.852782347561431342e+00
-1.852781795800428455e+00
-1.852794181145202224e+00
-1.852802504512697457e+00
-1.852450395477302392e+00
-1.852374043405981219e+00
-1.851343647397329040e+00
-1.851348118054960912e+00
-1.851994336892729631e+00
-1.852003197935437440e+00
-1.852001285085123072e+00
-1.855157904108938105e+00
-1.855432694953392359e+00
-1.855935750193319356e+00
-1.859118288699942667e+00
-1.858995122164566194e+00
-1.858649656680376294e+00
-1.858148814812847993e+00
-1.856151136009193126e+00
-1.855557643865280992e+00
-1.855574879095677421e+00
-1.855390877091039892e+00
-1.854730648841495633e+00
-1.853674890996472424e+00
-1.853670993523949262e+00
-1.854524826273292293e+00
-1.854380380208842327e+00
-1.852946865646849517e+00
-1.852948320968974771e+00
-1.852172279604140437e+00
-1.851116377325434659e+00
-1.851100628272797977e+00
-1.852962839897168035e+00
-1.852962335687625473e+00
-1.852958014807279508e+00
-1.853101741843755645e+00
-1.852989642232901968e+00
-1.853124092104791121e+00
-1.862180772083039226e+00
-1.859009307606169337e+00
-1.858462953011838614e+00
-1.858699251621351856e+00
-1.858432954764430267e+00
-1.858442183672880610e+00
-1.858509064770867525e+00
-1.858395343765767205e+00
-1.858517816500252273e+00
-1.858597102133495937e+00
-1.858905393945875506e+00
-1.858929464595100001e+00
-1.857153826961227328e+00
-1.855667136714953980e+00
-1.855786922303275244e+00
-1.856172897345052863e+00
-1.857662317531890706e+00
-1.859860674549082438e+00
-1.859848778414397330e+00
-1.859899874055507052e+00
-1.860134480437157123e+00
-1.860315654543382546e+00
-1.860774823740676265e+00
-1.862080810815148313e+00
-1.860236214810448763e+00
-1.860215458957534373e+00
-1.861108032295269332e+00
-1.861705888418748067e+00
-1.861519576154893940e+00
-1.861691000168794741e+00
-1.861617355341915525e+00
-1.861616466842451745e+00
-1.861953416161240105e+00
-1.862344255688810790e+00
-1.862938939419700457e+00
-1.862951192259880262e+00
-1.863285349168001259e+00
-1.863497743201837586e+00
-1.863386768089530410e+00
-1.863404741329699021e+00
-1.863459356555115631e+00
-1.863477873286886410e+00
-1.863482791490626012e+00
-1.863645882103246443e+00
-1.863715758019046209e+00
-1.864434131937751982e+00
-1.864445814739389640e+00
-1.864472936369794942e+00
-1.864550913030170731e+00
-1.864553694362907965e+00
-1.864965637565250134e+00
-1.865273859891149577e+00
-1.865303909572193053e+00
-1.865340446515104000e+00
-1.865920452810047259e+00
-1.866098367592592178e+00
-1.866127233705902944e+00
-1.866302940956436895e+00
-1.866565855539590757e+00
-1.866991897584014293e+00
-1.867131042023397303e+00
-1.867098979960448268e+00
-1.867426329632912552e+00
-1.867954324327801174e+00
-1.867959856904188420e+00
-1.868047595443914854e+00
-1.868329337176699578e+00
-1.868354063923815422e+00
-1.868377340652560559e+00
-1.868962618433323675e+00
-1.869004488011160259e+00
-1.869019645405930019e+00
-1.869019785987641402e+00
-1.869248996116649630e+00
-1.869366419751897546e+00
-1.869475825756203857e+00
-1.869509761187514441e+00
-1.869622114948172431e+00
-1.869960500407470638e+00
-1.870257261849975317e+00
-1.870287167379339532e+00
-1.870298758555475116e+00
-1.870364655955047528e+00
-1.870388809630712190e+00
-1.870389523459349057e+00
-1.870403363656391260e+00
-1.870406495098112298e+00
-1.870470440921173871e+00
-1.870481765807579633e+00
-1.870583735069305753e+00
-1.870631742378306761e+00
-1.870603960090961637e+00
-1.870624857685922127e+00
-1.870665361846236108e+00
-1.870665441419149921e+00
-1.870666346349962206e+00
-1.870696720961216419e+00
-1.870822284430281535e+00
-1.870835766036974102e+00
-1.870846379564122364e+00
-1.870856711197834921e+00
-1.871061765857305659e+00
-1.871061781336370133e+00
-1.871081896296220570e+00
-1.871084362439740190e+00
-1.871085755418056218e+00
-1.871087048011502274e+00
-1.871093604567613422e+00
-1.871093604851751913e+00
-1.871119283295517466e+00
-1.871159856746463790e+00
-1.871163804220404625e+00
-1.871163117785202612e+00
-1.871203612283187212e+00
-1.871227647777987002e+00
-1.871254246433336377e+00
-1.871269709631268263e+00
-1.871271389291503162e+00
-1.871308897973728236e+00
-1.871331072447136368e+00
-1.871332523824614347e+00
-1.871334225965023412e+00
-1.871358092008025720e+00
-1.871146448113663485e+00
-1.871172105220111126e+00
-1.871186859834526928e+00
-1.871210504428314270e+00
-1.871219724431033349e+00
-1.871219750574444118e+00
-1.871224554724346234e+00
-1.871430974554924465e+00
-1.871773400812870358e+00
-1.871908370928914156e+00
-1.871914957309091632e+00
-1.872084858941570618e+00
-1.872236945558567012e+00
-1.872435674330815480e+00
-1.873356348693544948e+00
-1.874835967009434778e+00
-1.875416801415732193e+00
-1.875687542623180271e+00
-1.876840774151316005e+00
-1.876782371277964323e+00
-1.876917218316840108e+00
-1.877058276325060504e+00
-1.877062491409581479e+00
-1.877063524627352598e+00
-1.877212905764415130e+00
-1.877160068633558554e+00
-1.877237435576794677e+00
-1.877331972982967834e+00
-1.877338952352499479e+00
-1.877406640772711466e+00
-1.877357260955733187e+00
-1.877378216609999928e+00
-1.877477010836738902e+00
-1.877422175878125987e+00
-1.877422917251834189e+00
-1.877493694412590397e+00
-1.877493518023850338e+00
-1.877517218864396931e+00
-1.877524878104136707e+00
-1.877600521543781209e+00
-1.877603843460046606e+00
-1.877600821503344619e+00
-1.877619764214913500e+00
-1.877623455131057995e+00
-1.877629608250012128e+00
-1.877641658071080411e+00
-1.877648768617770525e+00
-1.877639179936531288e+00
-1.877661438338281918e+00
-1.877732248247962588e+00
-1.877732248254464054e+00
-1.877661438338343425e+00
-1.877639179952779624e+00
-1.877648768592625306e+00
-1.877641658073448294e+00
-1.877629608249465232e+00
-1.877623455083759163e+00
-1.877619764212386855e+00
-1.877600732121385452e+00
-1.877603544033171978e+00
-1.877600521543910439e+00
-1.877524878104146477e+00
-1.877517218864296344e+00
-1.877493518025488584e+00
-1.877450053472632607e+00
-1.877422937172267492e+00
-1.877422170120404132e+00
-1.877477010835530091e+00
-1.877378216610015249e+00
-1.877357260955732077e+00
-1.877338998921071145e+00
-1.877338952349944856e+00
-1.877331973042760449e+00
-1.877237435576818658e+00
-1.877160068641609225e+00
-1.877058009608366662e+00
-1.877063524618033608e+00
-1.877062491409554834e+00
-1.877058276325259234e+00
-1.876917218328275405e+00
-1.876782370215510420e+00
-1.876330067141058766e+00
-1.875687542614563164e+00
-1.875416801417041812e+00
-1.874835967009190973e+00
-1.873356348429406015e+00
-1.872435326250740495e+00
-1.872236945554389020e+00
-1.872084857844648953e+00
-1.871891091469375379e+00
-1.871908371054133990e+00
-1.871773400809394694e+00
-1.871430974464006525e+00
-1.871224554732589418e+00
-1.871219750502680412e+00
-1.871219724429192377e+00
-1.871210504433064470e+00
-1.871186859837071115e+00
-1.871172105133312780e+00
-1.871146448087123604e+00
-1.871358092086764957e+00
-1.871334225976693855e+00
-1.871332523814744686e+00
-1.871331072492309122e+00
-1.871308897966100560e+00
-1.871271389291726539e+00
-1.871269709634329148e+00
-1.871254246395429366e+00
-1.871227647780786763e+00
-1.871203612294049634e+00
-1.871163117785211050e+00
-1.871160090691466493e+00
-1.871159856731201554e+00
-1.871119283295517688e+00
-1.871093604700403867e+00
-1.871093604574333380e+00
-1.871087048009707487e+00
-1.871085755417979835e+00
-1.871084362440075477e+00
-1.871081896325267779e+00
-1.871062114521425457e+00
-1.871061765850186909e+00
-1.870856711197837807e+00
-1.870846379564136797e+00
-1.870820161461765885e+00
-1.870822284434350280e+00
-1.870696720964563520e+00
-1.870666346356748111e+00
-1.870665441421848207e+00
-1.870665361844526586e+00
-1.870624857693242049e+00
-1.870604132219590543e+00
-1.870631741108518042e+00
-1.870583735073010345e+00
-1.870481765807582519e+00
-1.870470440125904688e+00
-1.870406495289789639e+00
-1.870403363651820694e+00
-1.870389523421798206e+00
-1.870388809756355908e+00
-1.870364655886196825e+00
-1.870298758549677309e+00
-1.870287253171328601e+00
-1.870257261832995788e+00
-1.869960500408099247e+00
-1.869480175125674659e+00
-1.869509761187426955e+00
-1.869475825755406717e+00
-1.869366419534695956e+00
-1.869248996124653672e+00
-1.869019785988068616e+00
-1.869019645400127994e+00
-1.869004488010369336e+00
-1.868962618437854939e+00
-1.868377340624903127e+00
-1.868354063908145068e+00
-1.868329337178627148e+00
-1.868047594161654779e+00
-1.867959856910742733e+00
-1.867954324345064920e+00
-1.867426329749108938e+00
-1.867098979959765259e+00
-1.867131042004303465e+00
-1.866991897597674699e+00
-1.866565855560184284e+00
-1.866302940954717826e+00
-1.866127233704478972e+00
-1.866098367590600882e+00
-1.865920452808869978e+00
-1.865340446508906957e+00
-1.865303909582542108e+00
-1.865273859945145052e+00
-1.864965637564344636e+00
-1.864553694357520719e+00
-1.864550913030208479e+00
-1.864472936320306307e+00
-1.864445814739081886e+00
-1.864434131937658279e+00
-1.863715758019151014e+00
-1.863645882103287743e+00
-1.863482791490454371e+00
-1.863477873286917497e+00
-1.863459356555819291e+00
-1.863404741329771630e+00
-1.863386767261037580e+00
-1.863316264136328115e+00
-1.863285349184576223e+00
-1.862951192242409348e+00
-1.862938939102739333e+00
-1.862344252366946007e+00
-1.861953416161292729e+00
-1.861616242123824705e+00
-1.861617355343327507e+00
-1.861691000156980413e+00
-1.861519576474075510e+00
-1.861281947594800812e+00
-1.860343071179365149e+00
-1.860215458979759262e+00
-1.860236200487125124e+00
-1.862080803678409335e+00
-1.860774690313519386e+00
-1.860315654538288843e+00
-1.860134481961387420e+00
-1.859899874028001276e+00
-1.859848778415148285e+00
-1.859860674551295556e+00
-1.860069833213563006e+00
-1.860817577869505968e+00
-1.859611774722428557e+00
-1.860534854829275497e+00
-1.860046386870231494e+00
-1.861894253198894233e+00
-1.861791043131412193e+00
-1.861531435129668122e+00
-1.861555652635033642e+00
-1.861497078985057785e+00
-1.861544880702830085e+00
-1.861415922557595248e+00
-1.861448800238262535e+00
-1.861675028836013546e+00
-1.861519985873319349e+00
-1.862231299152138142e+00
-1.864855762946764806e+00
-1.865431802206539924e+00
-1.865644122300983199e+00
-1.864728186717842906e+00
-1.863931215405777664e+00
-1.863939650108212387e+00
-1.863975727363329948e+00
-1.867028932743116876e+00
-1.860965781877097047e+00
-1.860926441261021136e+00
-1.860813388783528310e+00
-1.861819992085011144e+00
-1.861959482396139398e+00
-1.861823883985681327e+00
-1.861910687697291289e+00
-1.861980360554252201e+00
-1.862120205914449933e+00
-1.862861361715859587e+00
-1.863068754262099613e+00
-1.863613312647603992e+00
-1.864133689322093224e+00
-1.865934222544461285e+00
-1.866600447859324774e+00
-1.866702515000921547e+00
-1.866429201629131729e+00
-1.861493712329468142e+00
-1.861636464909539157e+00
-1.861883614900728290e+00
-1.861858314919741186e+00
-1.861862680592245578e+00
-1.861856854896524416e+00
-1.862832835018546129e+00
-1.862918404665483862e+00
-1.863845839811230531e+00
-1.863942570196241100e+00
-1.864050251749052478e+00
-1.864108264988439512e+00
-1.864109439194385098e+00
-1.864134802596139728e+00
-1.864308016306212901e+00
-1.864307622531751196e+00
-1.864663955417774410e+00
-1.864658913575022670e+00
-1.863872615185140802e+00
-1.863569011461538416e+00
-1.863758187621265661e+00
-1.863822991026971465e+00
-1.863736724284806412e+00
-1.863851465739937208e+00
-1.863837348411629069e+00
-1.863858171718122625e+00
-1.863942690369107424e+00
-1.864004069003534880e+00
-1.864031731322993934e+00
-1.864104891085344384e+00
-1.864104007666704810e+00
-1.864104268274046072e+00
-1.864164852341824830e+00
-1.864165389066366085e+00
-1.864204890695560835e+00
-1.864203707605032845e+00
-1.864053684828139712e+00
-1.864518695819990857e+00
-1.864710042457158101e+00
-1.864730882587487759e+00
-1.864688426930497966e+00
-1.864768713699816782e+00
-1.864876738019197067e+00
-1.864867697785088207e+00
-1.864801970533284781e+00
-1.864802344972697590e+00
-1.864796465039262330e+00
-1.864193931663262305e+00
-1.862290146685212866e+00
-1.863160573458594760e+00
-1.861324538075534107e+00
-1.859586879889756350e+00
-1.860196084549826212e+00
-1.859867742244793121e+00
-1.859772389139431770e+00
-1.859805461162341578e+00
-1.859866663054942082e+00
-1.860050912263354839e+00
-1.860223834557621858e+00
