-1.422201208086976365e+00
-1.422347297249897613e+00
-1.422394239743140609e+00
-1.422416557014245964e+00
-1.424254358516384711e+00
-1.425421208686550756e+00
-1.425740237913379449e+00
-1.426327643254178934e+00
-1.426457588201918369e+00
-1.426480813755587773e+00
-1.452489993779900068e+00
-1.462848929814711152e+00
-1.463393108674201804e+00
-1.463510498408432170e+00
-1.463413762351955416e+00
-1.466838962596608731e+00
-1.467259425259332950e+00
-1.467376663045264928e+00
-1.467469986024587891e+00
-1.467706160455443110e+00
-1.468201000876578011e+00
-1.468325097794358713e+00
-1.468785211340352337e+00
-1.468789830466006752e+00
-1.468845372819318928e+00
-1.469409221481263295e+00
-1.469656009574619393e+00
-1.469875112818455287e+00
-1.470350839555687017e+00
-1.472801085909345886e+00
-1.472800120455067585e+00
-1.473086682955823568e+00
-1.473725470858824993e+00
-1.474869297026094817e+00
-1.475277375279151482e+00
-1.476365929304943148e+00
-1.476685309655298761e+00
-1.477953297251368259e+00
-1.477997505159469149e+00
-1.478700233647829876e+00
-1.484002118236937395e+00
-1.484024633325055742e+00
-1.484650581337912056e+00
-1.484667190439921347e+00
-1.484894298293942594e+00
-1.485079409718539800e+00
-1.485248858032979236e+00
-1.485439877399071573e+00
-1.485982657002595131e+00
-1.487357351751073864e+00
-1.500580771852400908e+00
-1.502448256410531924e+00
-1.582493155622069825e+00
-1.685340783792487196e+00
-1.685342086885049273e+00
-1.685345707708120200e+00
-1.686237661850843228e+00
-1.688801461200495790e+00
-1.697522241169826973e+00
-1.698063631172655130e+00
-1.698345523779515753e+00
-1.702610231871300783e+00
-1.703078073061806252e+00
-1.707216393212644512e+00
-1.703618511547811742e+00
-1.717779328747515599e+00
-1.717914867233071741e+00
-1.717991121190712178e+00
-1.718385221902960724e+00
-1.719885812697419691e+00
-1.738331735734295336e+00
-1.751870181673241378e+00
-1.752035112800952144e+00
-1.756234940348239792e+00
-1.756659987915466736e+00
-1.756869073223849220e+00
-1.775357720264504557e+00
-1.775497731550867542e+00
-1.775674118165781801e+00
-1.775676243253457187e+00
-1.777514124163118270e+00
-1.828803324970776245e+00
-1.828754228748175059e+00
-1.831239765584466994e+00
-1.839201951346896236e+00
-1.835296876596689941e+00
-1.835589907119780539e+00
-1.835789270210631319e+00
-1.835680196916832152e+00
-1.836405125951111605e+00
-1.836416337694616097e+00
-1.836720381270447122e+00
-1.836437286900002963e+00
-1.836448273646873464e+00
-1.836597493903197487e+00
-1.838111705662603068e+00
-1.838168868018813296e+00
-1.845839227705339258e+00
-1.846446660708427334e+00
-1.848285269148218557e+00
-1.848179174122893897e+00
-1.847983467484556996e+00
-1.848803230756892457e+00
-1.848420357701727301e+00
-1.848637909880213925e+00
-1.848489798144782092e+00
-1.847133235875125123e+00
-1.848072388608904770e+00
-1.838868567504393425e+00
-1.838688762554417044e+00
-1.838651186283446926e+00
-1.837054725933776389e+00
-1.837362365429322519e+00
-1.837954564400090973e+00
-1.837953904345002831e+00
-1.838252441311706953e+00
-1.839659122271686265e+00
-1.842960368709565033e+00
-1.843040320745176874e+00
-1.843712080359685590e+00
-1.844697022496159633e+00
-1.844809913211749919e+00
-1.844861879765761437e+00
-1.844963406789926097e+00
-1.845192938708762886e+00
-1.845222727493247339e+00
-1.845319826796748330e+00
-1.845544289067720722e+00
-1.846589875813246850e+00
-1.845241825249568368e+00
-1.845279646611870383e+00
-1.845323893935852277e+00
-1.845506552039446468e+00
-1.846380456279841820e+00
-1.846466050413370974e+00
-1.847046788069977907e+00
-1.847164475148548091e+00
-1.850765022108412428e+00
-1.850857713129198334e+00
-1.851247628621887298e+00
-1.852305494197787006e+00
-1.852366044724297556e+00
-1.853211574960720975e+00
-1.853206170165158762e+00
-1.853183428001880628e+00
-1.853480483609944551e+00
-1.854383324201337224e+00
-1.854408641620775455e+00
-1.854726789792785269e+00
-1.855156268756076088e+00
-1.855160312595714567e+00
-1.855222551301111800e+00
-1.855400085601823124e+00
-1.855426433780331230e+00
-1.855467339450676878e+00
-1.855495766426622950e+00
-1.855582394927513201e+00
-1.855884342016752786e+00
-1.855952776661319081e+00
-1.855955983210338278e+00
-1.855956531631961948e+00
-1.856104556423443075e+00
-1.856297244193321205e+00
-1.856319727731789770e+00
-1.856399591270113447e+00
-1.856506831733084617e+00
-1.856511230296964632e+00
-1.856515535141766815e+00
-1.856550617422891181e+00
-1.856563808417904138e+00
-1.856586470272389322e+00
-1.856584885624344539e+00
-1.856663743949832579e+00
-1.856702852030203577e+00
-1.856679377381032836e+00
-1.856692458787696953e+00
-1.856677096969523433e+00
-1.856561011618187429e+00
-1.856563088636962178e+00
-1.856580371829714027e+00
-1.856546952050546651e+00
-1.856535486418786407e+00
-1.856536018372717534e+00
-1.856566918702079239e+00
-1.856874181649113886e+00
-1.856876586147825581e+00
-1.856888152639466050e+00
-1.856889774836374407e+00
-1.856895383516125042e+00
-1.856961827423971423e+00
-1.857079434664250073e+00
-1.857079664742357306e+00
-1.857081683181627252e+00
-1.857119274568487910e+00
-1.857122228677971387e+00
-1.857123791676906555e+00
-1.857114954636090776e+00
-1.857118531016008767e+00
-1.857264914467061656e+00
-1.857265481627302872e+00
-1.857287444600158377e+00
-1.857330605742118834e+00
-1.856646739178672512e+00
-1.856646279445343772e+00
-1.856630610835920958e+00
-1.856535329845756754e+00
-1.856647013813069957e+00
-1.856668853167336986e+00
-1.856673855661433947e+00
-1.856629418322928382e+00
-1.856670198729982957e+00
-1.856570854003861459e+00
-1.856655403064870535e+00
-1.856603338129722225e+00
-1.857126470666468299e+00
-1.856485910301502562e+00
-1.856560620379891224e+00
-1.856883097032436147e+00
-1.857052882582633568e+00
-1.857219850772493297e+00
-1.859017793517858452e+00
-1.857670123305535492e+00
-1.859427132535567573e+00
-1.859753682333260993e+00
-1.859897743640999801e+00
-1.860828151149767073e+00
-1.856740586938619542e+00
-1.853967636046677914e+00
-1.853987865057480366e+00
-1.852239904007153770e+00
-1.846548580909737058e+00
-1.854188698720727446e+00
-1.853247952500869156e+00
-1.851942048953502340e+00
-1.852264814792443204e+00
-1.852272176537697046e+00
-1.852273335012651900e+00
-1.852278945402301868e+00
-1.852282821339828134e+00
-1.852290138012177012e+00
-1.852291079156153542e+00
-1.852315559179440019e+00
-1.852350752733447070e+00
-1.852408470957515707e+00
-1.852381597354654463e+00
-1.852386383122843094e+00
-1.852389104648769269e+00
-1.852396067227473075e+00
-1.852490159240881340e+00
-1.852549344739529147e+00
-1.852598855330579886e+00
-1.852611067295404590e+00
-1.852615705714564687e+00
-1.852744084810673098e+00
-1.852747118794720427e+00
-1.852915375133395548e+00
-1.852915375133121767e+00
-1.852747118795069259e+00
-1.852744084811053238e+00
-1.852615705715213279e+00
-1.852611067305673043e+00
-1.852598855330273686e+00
-1.852549344738820158e+00
-1.852490159240752110e+00
-1.852396068693371589e+00
-1.852389126042909950e+00
-1.852386383126858327e+00
-1.852381597353265352e+00
-1.852355013403608197e+00
-1.852350752736251938e+00
-1.852315559269791301e+00
-1.852290275548781118e+00
-1.852290138012171017e+00
-1.852278882761131618e+00
-1.852278945402328514e+00
-1.852273334971528573e+00
-1.852272170384618777e+00
-1.852264764358259708e+00
-1.851941124976151709e+00
-1.853247996527206398e+00
-1.854313335705276788e+00
-1.846546217044070959e+00
-1.852238621636659754e+00
-1.853987537808837960e+00
-1.853967415843099431e+00
-1.857059259516392835e+00
-1.851350868022211049e+00
-1.859903194802940307e+00
-1.859753957807986469e+00
-1.859427939407342745e+00
-1.857657902417081619e+00
-1.859017789670084353e+00
-1.857221404493176298e+00
-1.857052877876413044e+00
-1.856883097648585723e+00
-1.856516668252568891e+00
-1.856485909290132241e+00
-1.857126468210733572e+00
-1.856603332981485055e+00
-1.856655402023960733e+00
-1.856570852982164066e+00
-1.856670189213516231e+00
-1.856629585417282957e+00
-1.856673856099383624e+00
-1.856668853200325264e+00
-1.856647013054440354e+00
-1.856535326977091449e+00
-1.856630610779556934e+00
-1.856646279218627793e+00
-1.856646745268278664e+00
-1.857330586252890825e+00
-1.857287447117746737e+00
-1.857265520385924962e+00
-1.857264913312793642e+00
-1.857118523291616530e+00
-1.857114954625994185e+00
-1.857123791686221104e+00
-1.857122200667555401e+00
-1.857119274590297353e+00
-1.857081683182586040e+00
-1.857079663282060533e+00
-1.857079434805090745e+00
-1.856961827405156251e+00
-1.856892068028207721e+00
-1.856889899121934473e+00
-1.856888152639706746e+00
-1.856876588997703692e+00
-1.856874181646991584e+00
-1.856566918702581948e+00
-1.856487933555821979e+00
-1.856535504088078659e+00
-1.856546399289339844e+00
-1.856580371783071559e+00
-1.856563088684222596e+00
-1.856561011702818842e+00
-1.856677096958686324e+00
-1.856692458799750645e+00
-1.856679525478712289e+00
-1.856702852126200343e+00
-1.856663743955701662e+00
-1.856584885653037365e+00
-1.856586470049729432e+00
-1.856563808426975548e+00
-1.856550617442352724e+00
-1.856515535006272755e+00
-1.856511230296600701e+00
-1.856506831190202211e+00
-1.856399591270347926e+00
-1.856319727683337639e+00
-1.856297244181964956e+00
-1.856104556417879969e+00
-1.855956531631535622e+00
-1.855955983208817273e+00
-1.855952776635619639e+00
-1.855884341935178039e+00
-1.855582394921245992e+00
-1.855495766426901838e+00
-1.855467339486420508e+00
-1.855426433783754270e+00
-1.855400085581354386e+00
-1.855222551284260613e+00
-1.855160312595824035e+00
-1.855156268809048825e+00
-1.854726789696684364e+00
-1.854408641615720166e+00
-1.854383324181283932e+00
-1.853480484228272829e+00
-1.853183427998093880e+00
-1.853206170141522557e+00
-1.853211574975334397e+00
-1.852366044721674321e+00
-1.852305494188408286e+00
-1.851247628619330232e+00
-1.850857713129572257e+00
-1.850765022098594947e+00
-1.847164474979551496e+00
-1.847046788071427859e+00
-1.846466050414688143e+00
-1.846380456281315752e+00
-1.845506552039346548e+00
-1.845323893915298719e+00
-1.845279646611809765e+00
-1.845241825097154287e+00
-1.846589890011649082e+00
-1.845544289181259456e+00
-1.845319826786393502e+00
-1.845222727488218695e+00
-1.845192938713024589e+00
-1.845202447835483373e+00
-1.845158973390938151e+00
-1.845209800036216041e+00
-1.845358444601895798e+00
-1.845375833396908138e+00
-1.845395820193329151e+00
-1.845438450458955160e+00
-1.845240818580486497e+00
-1.845218186063769084e+00
-1.845251261259249320e+00
-1.845319781035093420e+00
-1.845683484122859097e+00
-1.845991935964332864e+00
-1.847685814029413454e+00
-1.849204180010644016e+00
-1.850294807096046767e+00
-1.851734399535163167e+00
-1.853290943963251669e+00
-1.848477364601368578e+00
-1.849495619137689673e+00
-1.849576267646683370e+00
-1.850256964616706856e+00
-1.850300129014919470e+00
-1.850832086494036410e+00
-1.848285269104441575e+00
-1.846446492093049230e+00
-1.845830254335929510e+00
-1.847584312202572576e+00
-1.847717141486228121e+00
-1.846726359569226705e+00
-1.846913456997905767e+00
-1.846177278602203486e+00
-1.846297573780706802e+00
-1.846604405579584052e+00
-1.846928851870832666e+00
-1.847458668527559800e+00
-1.847393391624575720e+00
-1.847685003105655310e+00
-1.847303276777150893e+00
-1.848466132678353357e+00
-1.857400288793098708e+00
-1.847715710246528698e+00
-1.849153730044449828e+00
-1.850011079896906274e+00
-1.850003608813591383e+00
-1.850024707636188648e+00
-1.850044487614318056e+00
-1.847311482996970122e+00
-1.847686150793540705e+00
-1.848625055492703284e+00
-1.849721599885975287e+00
-1.850045395787689007e+00
-1.851776413767828533e+00
-1.851813345963692958e+00
-1.851793282621710723e+00
-1.851839231626464022e+00
-1.852428380403863040e+00
-1.853063237920260509e+00
-1.853615522840964758e+00
-1.854260131286492586e+00
-1.854941246935933208e+00
-1.857825897887813493e+00
-1.858877434443984455e+00
-1.859354200040976401e+00
-1.859534452296437657e+00
-1.859648338786823896e+00
-1.857801229252761033e+00
-1.858167060600413922e+00
-1.857626851464219575e+00
-1.857640302601272664e+00
-1.858390803297205185e+00
-1.855147978142839715e+00
-1.854589078047371498e+00
-1.855095444034809749e+00
-1.854795538183143133e+00
-1.855061560357887274e+00
-1.854514303359182659e+00
-1.854518099527872499e+00
-1.854545615155756000e+00
-1.854865387978952285e+00
-1.854861210039804309e+00
-1.854968953468570936e+00
-1.854929491214210469e+00
-1.854187295038503436e+00
-1.851426072799509104e+00
-1.851943756529753848e+00
-1.851887490673077563e+00
-1.851790232554343163e+00
-1.851849038482157539e+00
-1.851850849907244800e+00
-1.851917721292773766e+00
-1.852093548474459617e+00
-1.852443801886969998e+00
-1.852421744463977671e+00
-1.852882225958107254e+00
-1.852847655354726175e+00
-1.852847615184868957e+00
-1.852849949279520292e+00
-1.852877863481735554e+00
-1.853024583179439855e+00
-1.852887126369830328e+00
-1.852932181493860853e+00
-1.853436980902918529e+00
-1.853814869047104352e+00
-1.853870915824691767e+00
-1.853885169575080871e+00
-1.853918169989531517e+00
-1.854041027523611440e+00
-1.854106984587015949e+00
-1.854231218624545541e+00
-1.854097041393942380e+00
-1.854168645600761778e+00
-1.854176597064999932e+00
-1.854281129241294401e+00
-1.854203130344842076e+00
-1.854209262018903015e+00
-1.854257833305825720e+00
-1.854435277481359723e+00
-1.854477386017145513e+00
-1.854412106262703475e+00
-1.854458296094100511e+00
-1.854513351194358561e+00
-1.854573499545179249e+00
-1.854654148929237412e+00
-1.854053702711026208e+00
-1.854009126396901408e+00
-1.853985267838901496e+00
-1.853946025587479118e+00
-1.853972338533481867e+00
-1.853981254663504608e+00
-1.853991853791375322e+00
-1.853899959247937712e+00
-1.853875578485581377e+00
-1.853873737247760722e+00
-1.853891734343471986e+00
-1.853515820188678109e+00
-1.853456491629823066e+00
-1.853453442203673696e+00
-1.853448770854485561e+00
-1.853448002067119127e+00
-1.853396294894767093e+00
-1.853371838369110680e+00
-1.853286364064368863e+00
-1.853265754525694753e+00
-1.853117097345367892e+00
-1.852924552524172430e+00
-1.852425843999444544e+00
-1.852419604573730894e+00
-1.852419214580547147e+00
-1.852377437662822146e+00
-1.852397723679336750e+00
-1.852392130513146551e+00
-1.852384023267893864e+00
-1.852415674677182711e+00
-1.850763548601007891e+00
-1.850787590407970473e+00
-1.850628949244399912e+00
-1.850510764505658434e+00
-1.850476204995551210e+00
-1.850518688192296590e+00
-1.850180639120247772e+00
-1.850285889998770861e+00
-1.850117395088402672e+00
-1.850112435492446750e+00
-1.853444923404464095e+00
-1.853815320691218016e+00
-1.853918734759387732e+00
-1.853780486162635022e+00
-1.853796346170081488e+00
-1.853802346555403879e+00
-1.853800786995934757e+00
-1.853799747919183671e+00
-1.853799891546417555e+00
-1.854052207877540548e+00
-1.853874588306013260e+00
-1.852735239763323660e+00
-1.853311292110121133e+00
-1.852807968161778174e+00
-1.852816579969416733e+00
-1.852841604916266594e+00
-1.853345291849424203e+00
-1.853579471268541390e+00
-1.854927806095646448e+00
-1.855128394526252888e+00
-1.855092046362154523e+00
-1.856024571408942947e+00
-1.855619766113575375e+00
-1.853770220376154798e+00
-1.853386137648367349e+00
-1.853661105122601072e+00
-1.852672525020399030e+00
-1.852022765538141824e+00
-1.851401183411978568e+00
-1.851571860256913338e+00
-1.852054144055361062e+00
-1.852496470966132680e+00
-1.851588809000646707e+00
-1.851686862837452541e+00
-1.851208133118199983e+00
-1.850629921050650717e+00
-1.850374372217702401e+00
-1.851750391362281256e+00
-1.851732267258298759e+00
-1.851731037575117034e+00
-1.851763719871525993e+00
-1.851673822083035326e+00
-1.851799206468616399e+00
-1.862107193472575695e+00
-1.855312299723993696e+00
-1.854903592536937929e+00
-1.855307510911582192e+00
-1.855075125763021138e+00
-1.855109699638508136e+00
-1.855271114850623793e+00
-1.855242936206815907e+00
-1.855563352852734882e+00
-1.855589808755130132e+00
-1.856093160899446870e+00
-1.855966529792422604e+00
-1.856225473102360635e+00
-1.857033439150578946e+00
-1.854594207537521466e+00
-1.855060931687767756e+00
-1.857008156611625882e+00
-1.859138882561976569e+00
-1.858006461072251092e+00
-1.852854788750966986e+00
-1.852846340387753088e+00
-1.853087057838568530e+00
-1.852069408707467613e+00
-1.858865297909958247e+00
-1.858814572319303693e+00
-1.858865251035851429e+00
-1.858836782483497707e+00
-1.858648475324576221e+00
-1.859211961125452062e+00
-1.858922844081071002e+00
-1.858738812467798374e+00
-1.858721563558144663e+00
-1.858748484375170928e+00
-1.858834266449581163e+00
-1.859318504841414255e+00
-1.859285967934231731e+00
-1.859283774675544176e+00
-1.859342088353181932e+00
-1.859217026803745565e+00
-1.859213053207064981e+00
-1.859241279742420261e+00
-1.859218104731494403e+00
-1.859224567912139303e+00
-1.859367647905544096e+00
-1.859505813728254076e+00
-1.859942089516193775e+00
-1.859951253776349400e+00
-1.859984639310651833e+00
-1.860131607355869354e+00
-1.860180559644953435e+00
-1.861245127941101529e+00
-1.861354698966587673e+00
-1.861332351767006621e+00
-1.861422254009240218e+00
-1.862734344499861416e+00
-1.863042968981205139e+00
-1.863089163027835671e+00
-1.863471142736522257e+00
-1.863716293293431248e+00
-1.864160647432268503e+00
-1.864179364419038532e+00
-1.864150014240066433e+00
-1.864460699439069558e+00
-1.865215191794343141e+00
-1.865254514851669265e+00
-1.865423596942143769e+00
-1.865564843889003122e+00
-1.865611128855093170e+00
-1.865685086751998512e+00
-1.866574141613800197e+00
-1.866574086028265356e+00
-1.866579861320851741e+00
-1.866580115047409727e+00
-1.866898620144358034e+00
-1.866916993161503724e+00
-1.867122653131071175e+00
-1.867122206876591139e+00
-1.867122603490711796e+00
-1.867853681547000821e+00
-1.867960333474794954e+00
-1.867944457165779504e+00
-1.868022865538357058e+00
-1.868159764763446695e+00
-1.868188814117579977e+00
-1.868194451035629866e+00
-1.868220165530388499e+00
-1.868221181444990053e+00
-1.868225261765279477e+00
-1.868236725914190988e+00
-1.868305447072165393e+00
-1.868335997795130154e+00
-1.868346307632208880e+00
-1.868365545603019040e+00
-1.868397359021102266e+00
-1.868409159967161948e+00
-1.868411639223727327e+00
-1.868448740786065265e+00
-1.868635641746728693e+00
-1.868634498452871329e+00
-1.868639197610422631e+00
-1.868710970820254280e+00
-1.868905757099124321e+00
-1.868906517652332955e+00
-1.868913849568727414e+00
-1.868914998223845103e+00
-1.868915256832706095e+00
-1.868916428394237439e+00
-1.868921330706838635e+00
-1.868921365269543999e+00
-1.868931070123284410e+00
-1.868916672809663115e+00
-1.868891385131935978e+00
-1.868894248863521179e+00
-1.868906130966649703e+00
-1.868871789701082031e+00
-1.867993699963999221e+00
-1.867994488972678724e+00
-1.868016165506210413e+00
-1.862452694304074452e+00
-1.862216194509625167e+00
-1.862185007225025890e+00
-1.862179437845019381e+00
-1.862786444526678853e+00
-1.862785865836127375e+00
-1.862833717528054933e+00
-1.862339928635738717e+00
-1.862297831670604253e+00
-1.862326618103150366e+00
-1.862195865718091481e+00
-1.862213939987118039e+00
-1.861866352647670642e+00
-1.861577906713525188e+00
-1.862521658640728717e+00
-1.862503093981173530e+00
-1.862839582804843630e+00
-1.854882675153637805e+00
-1.854837084005895420e+00
-1.855082224823481285e+00
-1.851346557301158935e+00
-1.854642431656303936e+00
-1.856389940347900502e+00
-1.858266595760537987e+00
-1.859304216982451852e+00
-1.859739964314622185e+00
-1.859641590766938801e+00
-1.859672832638517015e+00
-1.859757453001451122e+00
-1.860616890196735707e+00
-1.859572825558421183e+00
-1.859499844147475711e+00
-1.859641567162936049e+00
-1.859780659252839197e+00
-1.859780587917825523e+00
-1.859959160998425176e+00
-1.860040200813787736e+00
-1.860050271487567963e+00
-1.860049607922227732e+00
-1.860053044419699653e+00
-1.860069921449623687e+00
-1.860011018207035516e+00
-1.860011077364639220e+00
-1.860168058932097468e+00
-1.860178678417360176e+00
-1.860181772138985501e+00
-1.860179181754296973e+00
-1.860202223935021326e+00
-1.860213299462316172e+00
-1.860229623334952453e+00
-1.860234992267490117e+00
-1.860239867140860648e+00
-1.860295728140017424e+00
-1.860296579446014453e+00
-1.860319355407724640e+00
-1.860319355419679965e+00
-1.860296579455445798e+00
-1.860295728143513294e+00
-1.860239867169397598e+00
-1.860234992267717269e+00
-1.860229623334711757e+00
-1.860213299462395886e+00
-1.860202223934855237e+00
-1.860179211168369484e+00
-1.860180668827537964e+00
-1.860178678417969245e+00
-1.860168058905368849e+00
-1.860010043537026370e+00
-1.860011027487941559e+00
-1.860069921315167463e+00
-1.860053048298586864e+00
-1.860049603159479092e+00
-1.860050271490851337e+00
-1.860040200825874512e+00
-1.859959161122894056e+00
-1.859780589225116243e+00
-1.859780659244629319e+00
-1.859641567248199401e+00
-1.859499844138424063e+00
-1.859485319750091348e+00
-1.860616890395821343e+00
-1.859757452917510934e+00
-1.859672832650052898e+00
-1.859641590529506727e+00
-1.859437611480583730e+00
-1.859304216984319247e+00
-1.858266595785563524e+00
-1.856389940347803913e+00
-1.854642431644704548e+00
-1.851355650063410518e+00
-1.855082227418285878e+00
-1.854837042335442776e+00
-1.854882429685057010e+00
-1.862839584797831627e+00
-1.862502881259526788e+00
-1.862520663529858567e+00
-1.861584457244904733e+00
-1.861866463771202795e+00
-1.862213793886295932e+00
-1.862195811965364989e+00
-1.862325578748604826e+00
-1.862297806416127077e+00
-1.862339922042295814e+00
-1.862833724057830320e+00
-1.862785829865667875e+00
-1.862786443367808076e+00
-1.861331935359813672e+00
-1.862185005251543402e+00
-1.862216199449493903e+00
-1.862452316122277685e+00
-1.868016165051514799e+00
-1.867994503410195684e+00
-1.867993689873780339e+00
-1.868871771462614184e+00
-1.868906106972611170e+00
-1.868894249254569040e+00
-1.868891376484209665e+00
-1.868906014523013415e+00
-1.868931070086051971e+00
-1.868921365467819840e+00
-1.868921330657876689e+00
-1.868916428292881404e+00
-1.868915246392541807e+00
-1.868915004503745259e+00
-1.868913849605120081e+00
-1.868906537460681694e+00
-1.868905757132802270e+00
-1.868710970805075311e+00
-1.868639197610262981e+00
-1.868634533996696101e+00
-1.868635641761035249e+00
-1.868448740786765150e+00
-1.868411639225410426e+00
-1.868409160282171744e+00
-1.868397359021223281e+00
-1.868365545602537203e+00
-1.868346307627271052e+00
-1.868335997798097114e+00
-1.868305447068904446e+00
-1.868236725914103724e+00
-1.868225261778147406e+00
-1.868221181422528909e+00
-1.868220165523866161e+00
-1.868194451027496816e+00
-1.868188814120229413e+00
-1.868159764747291174e+00
-1.868022865538576660e+00
-1.867944397640564969e+00
-1.867960333355302094e+00
-1.867853681752859263e+00
-1.867122603469516307e+00
-1.867122206879265889e+00
-1.867122653126777720e+00
-1.866916993216880538e+00
-1.866898620141904885e+00
-1.866580115048479538e+00
-1.866579861321196576e+00
-1.866574086028648383e+00
-1.866574141613082993e+00
-1.865685086753049671e+00
-1.865611128719019352e+00
-1.865564843885613167e+00
-1.865423596938662110e+00
-1.865254514852855650e+00
-1.865215191800135619e+00
-1.864460699356345286e+00
-1.864150014240187447e+00
-1.864179364419048524e+00
-1.864160647506676094e+00
-1.863716293292537296e+00
-1.863471142738774677e+00
-1.863089163027879636e+00
-1.863042968980875624e+00
-1.862734344485553084e+00
-1.861422254039118096e+00
-1.861332351759287906e+00
-1.861354698970152821e+00
-1.861245127941549615e+00
-1.860180559643729303e+00
-1.860131607358156636e+00
-1.859984639325963585e+00
-1.859951253776009006e+00
-1.859942089516232633e+00
-1.859505813777311278e+00
-1.859367647905600718e+00
-1.859224567912216353e+00
-1.859218104730589349e+00
-1.859202979617938123e+00
-1.859180935757945408e+00
-1.859128144723675380e+00
-1.859006228286178342e+00
-1.858913532394047552e+00
-1.858906834058609459e+00
-1.858877306620863923e+00
-1.857686749314620744e+00
-1.857305318816290463e+00
-1.857218573864390043e+00
-1.857242596508261956e+00
-1.857230675877551862e+00
-1.857093926617738644e+00
-1.856598906462272769e+00
-1.855685068540403382e+00
-1.855672221424859547e+00
-1.856400205799592751e+00
-1.856352087557042285e+00
-1.852069408721890964e+00
-1.851750937316204659e+00
-1.851073183447362158e+00
-1.851242516147066919e+00
-1.857086586012760110e+00
-1.857071802534536520e+00
-1.853382326596206608e+00
-1.855060857131824781e+00
-1.854587328094606136e+00
-1.857295020999930379e+00
-1.856965662607329204e+00
-1.856917592125300054e+00
-1.857028943406893617e+00
-1.856827485645383469e+00
-1.856764346961773171e+00
-1.856539360801810146e+00
-1.856622120371937967e+00
-1.856627699187027192e+00
-1.856611565991711732e+00
-1.856785903973365848e+00
-1.856822939652112314e+00
-1.857703734728443967e+00
-1.861420917083007165e+00
-1.851247218765870617e+00
-1.851146826061093709e+00
-1.851272002678494566e+00
-1.851006873287130983e+00
-1.851006259106339646e+00
-1.851029612274767810e+00
-1.855021170490154692e+00
-1.850733957669763008e+00
-1.851751105322711810e+00
-1.852725575551214199e+00
-1.853647224971519680e+00
-1.853973641735657596e+00
-1.854047386164211719e+00
-1.853734844928957237e+00
-1.853910081053304015e+00
-1.854536219009087272e+00
-1.854247924306276607e+00
-1.854139286188283275e+00
-1.851362415269698136e+00
-1.852500270317738229e+00
-1.851713781922934565e+00
-1.850903241656524978e+00
-1.850975890717001748e+00
-1.850522201778298736e+00
-1.851355738594659961e+00
-1.851504561248627390e+00
-1.851785514513480724e+00
-1.851707548780191726e+00
-1.851750251878891529e+00
-1.851738283507667671e+00
-1.852646515201353594e+00
-1.852661806400129896e+00
-1.853185018543059392e+00
-1.853193293642781292e+00
-1.853225675410341333e+00
-1.853236296296256302e+00
-1.853237669083674044e+00
-1.853241231811727285e+00
-1.853269388978487253e+00
-1.853337893750154564e+00
-1.853445440759252438e+00
-1.853472050182128239e+00
-1.853386830593174661e+00
-1.853459416550310879e+00
-1.853645055052291823e+00
-1.854014188646206929e+00
-1.854050176623058599e+00
-1.854422231453562997e+00
-1.854438333235634673e+00
-1.854457256312272539e+00
-1.854553074891247988e+00
-1.854750844147678324e+00
-1.854750826506410322e+00
-1.855698113382332703e+00
-1.855697988650854668e+00
-1.855704939462019976e+00
-1.855713710174512254e+00
-1.855735782334612116e+00
-1.855800380685111994e+00
-1.855800238298271232e+00
-1.855836023528800727e+00
-1.856121164952138969e+00
-1.856256196155896099e+00
-1.855855135850089432e+00
-1.855858479146197837e+00
-1.855752211680187447e+00
-1.855819520452175464e+00
-1.855235618140759879e+00
-1.855242762208687335e+00
-1.855243758094287765e+00
-1.855244304542533751e+00
-1.855180986359097339e+00
-1.853680091270118790e+00
-1.855252167187527945e+00
-1.851541112222759189e+00
-1.851379151917471599e+00
-1.851485468436341542e+00
-1.851243389595355504e+00
-1.851240196766998025e+00
-1.851249292234627752e+00
-1.851264144884819274e+00
-1.851167346692407678e+00
-1.851183681650939494e+00
