0.000000000000000000e+00
0.000000000000000000e+00
4.454259291310556682e-06
4.381886334412637973e-05
1.473449106484137636e-05
8.682554826010934268e-06
2.731168384946416890e-06
7.909255883013949250e-05
8.301017454360484998e-05
4.465118154242331624e-05
1.116579521214340680e-05
4.205314202816417803e-05
2.495064913028021179e-05
1.019772470912122816e-06
7.604755385233651351e-06
1.460097612011330361e-06
3.965483797952367221e-05
7.509855937007381065e-07
1.001698940832357134e-05
9.598491462165881060e-07
1.253153838451898779e-05
1.235623932446809189e-05
1.402180246973436489e-04
6.791532818136437889e-06
3.687601841777985648e-06
1.036695670674208290e-06
3.422761588899609204e-06
5.640049596084491662e-06
5.345476661933351365e-06
1.691990607465224269e-05
8.399525076888919952e-05
1.679339810481842856e-05
1.771254404794684608e-05
1.949299237504027390e-04
1.390924026999421342e-04
3.364955172799336593e-05
3.517786743606190282e-05
2.642703317922907134e-05
1.598303597503469094e-05
1.009276040797473694e-04
6.560162352447179810e-05
9.451588484674143618e-05
1.069226567526763484e-04
5.096030101746907540e-05
4.523875635394702602e-05
1.624559794395188779e-05
1.188745171394886893e-05
1.154626538525603790e-04
1.128038697497728883e-05
1.103438030369339708e-04
2.096142390708482375e-05
6.088671147457926642e-06
2.324862062034734058e-06
5.068733078475394765e-04
7.622380691927310714e-02
4.997241411140606049e-01
2.821221237896771107e-05
1.750240482899260367e-05
1.021490423019940752e-04
6.029646430089421349e-05
5.434230696962509587e-05
5.020503455875186605e-06
3.614127338899555627e-04
1.367368168629852498e-02
1.264523669073875332e-03
1.558452198512040783e-04
4.433895149128348431e-04
3.345695022051013885e-03
4.938254925067167610e-04
1.156179735532352084e-04
3.421375620132441103e-05
5.082067897489079590e-03
2.801255689174271795e-03
2.375987289299027420e-03
2.974772196588744075e-03
4.359902183831145753e-04
1.635647972533959670e-03
2.895843595128054851e-03
6.054709001115324979e-03
1.710534808171776042e-02
7.678246594024868039e-03
2.071628509190372430e-03
1.609840072921706333e-01
5.158608266978175969e-03
5.254630908129464401e-02
3.212986789986110869e-01
6.673977650218091600e-04
1.023686002178945579e-04
2.161875713088710969e-04
4.788955135942745030e-03
1.445845691714335839e-03
2.949205032248880924e-05
3.417431058548851168e-04
4.942488757958019563e-01
2.379209866060952092e-13
5.948769291306403063e-04
9.787200861028504811e-03
1.896660239764179703e-02
7.149945909913213438e-02
4.983096018967657637e-01
6.137683429897256362e-03
2.873862402418471060e-02
8.545984218049265668e-02
1.652138752694567959e-03
4.402484179441737422e-01
2.712456042057719702e-02
5.406156314495157850e-02
1.647311224454788003e-01
1.867794570448995939e-01
2.154272484692550671e-01
3.405325523546893184e-03
2.595988125234703972e-02
1.069183063816707691e-01
1.055871853652804587e-02
4.859644278090751910e-04
3.071171710625018582e-05
4.430615037252845392e-04
2.054187969661450380e-03
2.826269250166691394e-01
1.378374221522761789e-01
1.191384766477155549e-01
8.848193104386467556e-02
1.809981877271171671e-05
6.744676807695437022e-04
2.061541825677972450e-01
4.990665549537173229e-01
1.110223922566939884e-16
4.985375114191482049e-01
3.095212828098319748e-07
3.281630392904976712e-01
2.636037748749578760e-03
2.222520902346121832e-03
3.900130510541908735e-01
2.377861212634805428e-04
2.030230926218217630e-03
3.737148163300310633e-01
3.616161634942104824e-02
2.074117077124875419e-01
9.652290817391229183e-01
1.000000000000000000e+00
0.000000000000000000e+00
0.000000000000000000e+00
0.000000000000000000e+00
0.000000000000000000e+00
0.000000000000000000e+00
0.000000000000000000e+00
0.000000000000000000e+00
0.000000000000000000e+00
0.000000000000000000e+00
0.000000000000000000e+00
0.000000000000000000e+00
0.000000000000000000e+00
0.000000000000000000e+00
0.000000000000000000e+00
0.000000000000000000e+00
0.000000000000000000e+00
0.000000000000000000e+00
0.000000000000000000e+00
0.000000000000000000e+00
0.000000000000000000e+00
0.000000000000000000e+00
0.000000000000000000e+00
0.000000000000000000e+00
0.000000000000000000e+00
0.000000000000000000e+00
0.000000000000000000e+00
0.000000000000000000e+00
0.000000000000000000e+00
0.000000000000000000e+00
0.000000000000000000e+00
0.000000000000000000e+00
0.000000000000000000e+00
0.000000000000000000e+00
0.000000000000000000e+00
0.000000000000000000e+00
0.000000000000000000e+00
0.000000000000000000e+00
0.000000000000000000e+00
0.000000000000000000e+00
0.000000000000000000e+00
0.000000000000000000e+00
0.000000000000000000e+00
0.000000000000000000e+00
0.000000000000000000e+00
0.000000000000000000e+00
0.000000000000000000e+00
0.000000000000000000e+00
0.000000000000000000e+00
0.000000000000000000e+00
0.000000000000000000e+00
0.000000000000000000e+00
0.000000000000000000e+00
0.000000000000000000e+00
0.000000000000000000e+00
0.000000000000000000e+00
0.000000000000000000e+00
0.000000000000000000e+00
0.000000000000000000e+00
0.000000000000000000e+00
0.000000000000000000e+00
0.000000000000000000e+00
0.000000000000000000e+00
0.000000000000000000e+00
0.000000000000000000e+00
0.000000000000000000e+00
0.000000000000000000e+00
0.000000000000000000e+00
0.000000000000000000e+00
0.000000000000000000e+00
0.000000000000000000e+00
0.000000000000000000e+00
0.000000000000000000e+00
0.000000000000000000e+00
0.000000000000000000e+00
0.000000000000000000e+00
0.000000000000000000e+00
0.000000000000000000e+00
0.000000000000000000e+00
0.000000000000000000e+00
0.000000000000000000e+00
0.000000000000000000e+00
0.000000000000000000e+00
0.000000000000000000e+00
0.000000000000000000e+00
0.000000000000000000e+00
0.000000000000000000e+00
0.000000000000000000e+00
0.000000000000000000e+00
0.000000000000000000e+00
0.000000000000000000e+00
0.000000000000000000e+00
0.000000000000000000e+00
0.000000000000000000e+00
0.000000000000000000e+00
0.000000000000000000e+00
0.000000000000000000e+00
0.000000000000000000e+00
0.000000000000000000e+00
0.000000000000000000e+00
0.000000000000000000e+00
0.000000000000000000e+00
0.000000000000000000e+00
0.000000000000000000e+00
0.000000000000000000e+00
0.000000000000000000e+00
0.000000000000000000e+00
0.000000000000000000e+00
0.000000000000000000e+00
0.000000000000000000e+00
0.000000000000000000e+00
0.000000000000000000e+00
0.000000000000000000e+00
0.000000000000000000e+00
0.000000000000000000e+00
0.000000000000000000e+00
0.000000000000000000e+00
0.000000000000000000e+00
0.000000000000000000e+00
