0.000000000000000000e+00
4.454255688735031526e-06
4.381882790371882663e-05
1.473447914768222233e-05
8.682547803617879367e-06
2.731166175995447531e-06
7.909249486059977130e-05
8.301010740552339229e-05
4.465114542884229820e-05
1.116578618132191281e-05
4.205310801586037428e-05
2.495062895035982109e-05
1.019771646126876874e-06
7.604749234557672821e-06
1.460096431094015657e-06
3.965480590695236174e-05
7.509849863085449329e-07
1.001698130664863129e-05
9.598483698969317857e-07
1.253152824909342655e-05
1.235622933082325403e-05
1.402179112899304414e-04
6.791527325189505859e-06
3.687598859269947127e-06
1.036694832201590089e-06
3.422758820592619600e-06
5.640045034449592265e-06
5.345472338547097024e-06
1.691989238994384692e-05
8.399518283408458075e-05
1.679338452242884472e-05
1.771252972215808796e-05
1.949297660923665632e-04
1.390922902029245734e-04
3.364952451245795118e-05
3.517783898443482826e-05
2.642701180521900284e-05
1.598302304806065166e-05
1.009275224501671175e-04
6.560157046631154287e-05
9.451580840291740060e-05
1.069225702743370476e-04
5.096025980111384968e-05
4.523871976513937909e-05
1.624558480461946175e-05
1.188744209945635788e-05
1.154625604671277728e-04
1.128037785147473215e-05
1.103437137915941335e-04
2.096140695362347373e-05
6.088666222980876341e-06
2.324860181701637885e-06
5.068728978917524941e-04
7.622374526996100741e-02
4.997237369404725071e-01
2.821218956111648524e-05
1.750239067316305963e-05
1.021489596845226444e-04
6.029641553351172689e-05
5.434226301792577374e-05
5.020499395325117575e-06
3.614124415817210334e-04
1.367367062711499770e-02
1.264522646335475287e-03
1.558450938046185286e-04
4.433891563023206750e-04
3.345692316074955208e-03
4.938250931039167568e-04
1.156178800421810566e-04
3.421372852946413801e-05
5.082063787146096079e-03
2.801253423537153342e-03
2.375985367616184618e-03
2.974769790612619147e-03
4.359898657571026348e-04
1.635646649632671590e-03
2.895841252988862191e-03
6.054704104106634066e-03
1.710533424702509464e-02
7.678240383909684663e-03
2.071626833670903167e-03
1.609838770893677329e-01
5.158604094729846157e-03
5.254626658218656404e-02
3.212984191343594698e-01
6.673972252349003043e-04
1.023685174228461392e-04
2.161873964577898377e-04
4.788951262667429098e-03
1.445844522323880277e-03
2.949202646951309958e-05
3.417428294553159773e-04
4.942484760505723163e-01
2.379207941771710466e-13
5.948764479981050179e-04
9.787192945205025474e-03
1.896658705757892083e-02
7.149940127084136732e-02
4.983091988672476158e-01
6.137678465779394799e-03
2.873860078057521861e-02
8.545977306113616834e-02
1.652137416455645713e-03
4.402480618741581031e-01
2.712453848241169752e-02
5.406151942031600655e-02
1.647309892120338848e-01
1.867793059789071286e-01
2.154270742331179100e-01
3.405322769342078448e-03
2.595986025616636717e-02
1.069182199068500205e-01
1.055870999670616150e-02
4.859640347642524283e-04
3.071169226681602638e-05
4.430611453800636923e-04
2.054186308247774040e-03
2.826266964298769779e-01
1.378373106702786011e-01
1.191383802893017235e-01
8.848185948026265901e-02
1.809980413369771668e-05
6.744671352645337237e-04
2.061540158316546023e-01
4.990661513119805659e-01
1.110223024625156540e-16
4.985371082052983405e-01
3.095210324710606642e-07
3.281627738743967404e-01
2.636035616739640375e-03
2.222519104785880550e-03
3.900127356142085167e-01
2.377859289436345946e-04
2.030229284180840033e-03
3.737145140719534409e-01
3.616158710214434358e-02
2.074115399592668663e-01
9.652283010682102260e-01
9.999991912065980815e-01
0.000000000000000000e+00
0.000000000000000000e+00
0.000000000000000000e+00
0.000000000000000000e+00
0.000000000000000000e+00
0.000000000000000000e+00
0.000000000000000000e+00
0.000000000000000000e+00
0.000000000000000000e+00
0.000000000000000000e+00
0.000000000000000000e+00
0.000000000000000000e+00
0.000000000000000000e+00
0.000000000000000000e+00
0.000000000000000000e+00
0.000000000000000000e+00
0.000000000000000000e+00
0.000000000000000000e+00
0.000000000000000000e+00
0.000000000000000000e+00
0.000000000000000000e+00
0.000000000000000000e+00
0.000000000000000000e+00
0.000000000000000000e+00
0.000000000000000000e+00
0.000000000000000000e+00
0.000000000000000000e+00
0.000000000000000000e+00
0.000000000000000000e+00
0.000000000000000000e+00
0.000000000000000000e+00
0.000000000000000000e+00
0.000000000000000000e+00
0.000000000000000000e+00
0.000000000000000000e+00
0.000000000000000000e+00
0.000000000000000000e+00
0.000000000000000000e+00
0.000000000000000000e+00
0.000000000000000000e+00
0.000000000000000000e+00
0.000000000000000000e+00
0.000000000000000000e+00
0.000000000000000000e+00
0.000000000000000000e+00
0.000000000000000000e+00
0.000000000000000000e+00
0.000000000000000000e+00
0.000000000000000000e+00
0.000000000000000000e+00
0.000000000000000000e+00
0.000000000000000000e+00
0.000000000000000000e+00
0.000000000000000000e+00
0.000000000000000000e+00
0.000000000000000000e+00
0.000000000000000000e+00
0.000000000000000000e+00
0.000000000000000000e+00
0.000000000000000000e+00
0.000000000000000000e+00
0.000000000000000000e+00
0.000000000000000000e+00
0.000000000000000000e+00
0.000000000000000000e+00
0.000000000000000000e+00
0.000000000000000000e+00
0.000000000000000000e+00
0.000000000000000000e+00
0.000000000000000000e+00
0.000000000000000000e+00
0.000000000000000000e+00
0.000000000000000000e+00
0.000000000000000000e+00
0.000000000000000000e+00
0.000000000000000000e+00
0.000000000000000000e+00
0.000000000000000000e+00
0.000000000000000000e+00
0.000000000000000000e+00
0.000000000000000000e+00
0.000000000000000000e+00
0.000000000000000000e+00
0.000000000000000000e+00
0.000000000000000000e+00
0.000000000000000000e+00
0.000000000000000000e+00
0.000000000000000000e+00
0.000000000000000000e+00
0.000000000000000000e+00
0.000000000000000000e+00
0.000000000000000000e+00
0.000000000000000000e+00
0.000000000000000000e+00
0.000000000000000000e+00
0.000000000000000000e+00
0.000000000000000000e+00
0.000000000000000000e+00
0.000000000000000000e+00
0.000000000000000000e+00
0.000000000000000000e+00
0.000000000000000000e+00
0.000000000000000000e+00
0.000000000000000000e+00
0.000000000000000000e+00
0.000000000000000000e+00
0.000000000000000000e+00
0.000000000000000000e+00
0.000000000000000000e+00
0.000000000000000000e+00
0.000000000000000000e+00
0.000000000000000000e+00
0.000000000000000000e+00
0.000000000000000000e+00
0.000000000000000000e+00
0.000000000000000000e+00
0.000000000000000000e+00
