-1.420241247920611682e+00
-1.420386791171689644e+00
-1.420421269565736333e+00
-1.420442967507228316e+00
-1.422260961257359568e+00
-1.422832498024033665e+00
-1.423180223630032604e+00
-1.424110886340746118e+00
-1.424240047175173274e+00
-1.424262554401631187e+00
-1.450224575632033996e+00
-1.461158353957649148e+00
-1.461722562848530860e+00
-1.461723857757653233e+00
-1.461736323865233000e+00
-1.464721007311573953e+00
-1.465126719800726285e+00
-1.465260833203908319e+00
-1.465365452467366936e+00
-1.465587079618690280e+00
-1.466054782006851909e+00
-1.466165710303858782e+00
-1.466613661307623939e+00
-1.466620170357142872e+00
-1.466690979381718662e+00
-1.467233000579772462e+00
-1.467442028461452663e+00
-1.467656522801332297e+00
-1.468090674558391040e+00
-1.470489231612981840e+00
-1.470499775642954532e+00
-1.470786522479361036e+00
-1.471422464013536269e+00
-1.472625016671541553e+00
-1.473034856610928367e+00
-1.474062285321572352e+00
-1.474379754224860672e+00
-1.475655870980830064e+00
-1.475718500245803533e+00
-1.476416636843525421e+00
-1.481725853457593001e+00
-1.481755465601529487e+00
-1.482298788909222287e+00
-1.482310127366682106e+00
-1.482519372148261239e+00
-1.482653657744829712e+00
-1.482825354466672518e+00
-1.482852734255243998e+00
-1.483407376371153941e+00
-1.484747007704261934e+00
-1.497739416590687433e+00
-1.499308892552423611e+00
-1.579912106218545054e+00
-1.682499980228264080e+00
-1.682503319180554513e+00
-1.682555768200330926e+00
-1.683394609293732636e+00
-1.685949798499553731e+00
-1.694633265253302046e+00
-1.695182374275902681e+00
-1.696071791393748640e+00
-1.702333281865776815e+00
-1.703894499774189608e+00
-1.708070050470015255e+00
-1.709122535993615299e+00
-1.721318804853771756e+00
-1.721584553466956047e+00
-1.721713751129445136e+00
-1.722052955020105802e+00
-1.723278648815749881e+00
-1.740582888384317517e+00
-1.752305476051660538e+00
-1.752373398039579033e+00
-1.756419419040850638e+00
-1.756633460218539167e+00
-1.756918365659275727e+00
-1.773662531983395851e+00
-1.773821934419834268e+00
-1.773897487553938390e+00
-1.773897435076521756e+00
-1.775247509635221821e+00
-1.825987832688860557e+00
-1.826618768161422324e+00
-1.828848567603821973e+00
-1.850708700546237484e+00
-1.851070279887541137e+00
-1.851476717986272114e+00
-1.851712969044656765e+00
-1.852210351006460698e+00
-1.852968718950434912e+00
-1.853002852471654194e+00
-1.853012016326895051e+00
-1.853084720657082185e+00
-1.853100085681841813e+00
-1.853412105135637145e+00
-1.854388073167145601e+00
-1.854737061374091223e+00
-1.857870380890767059e+00
-1.858093666143518341e+00
-1.860670332761892087e+00
-1.860897113746407427e+00
-1.861378494108077541e+00
-1.861523016383950679e+00
-1.862230677112446831e+00
-1.862633977157955867e+00
-1.862726583579796147e+00
-1.863375903092614250e+00
-1.863388072907746107e+00
-1.863440417983296182e+00
-1.863481399654459469e+00
-1.863817012490199154e+00
-1.864030156026829532e+00
-1.864087356410163654e+00
-1.864117731185923166e+00
-1.864117664532428886e+00
-1.864124592189910334e+00
-1.864320496141672834e+00
-1.865106531391437006e+00
-1.865131642805798684e+00
-1.865242170607345429e+00
-1.865465296519919658e+00
-1.865553174854892138e+00
-1.865560422319344713e+00
-1.865579131894435694e+00
-1.865652976335353985e+00
-1.865647501982566903e+00
-1.865699700713375542e+00
-1.865910957775543277e+00
-1.866076253331947044e+00
-1.866107570050962838e+00
-1.866136443089093433e+00
-1.866199770381912870e+00
-1.866241614234884771e+00
-1.866619800248174421e+00
-1.866647467960266926e+00
-1.866657375129694429e+00
-1.866680592139591699e+00
-1.868441540510652032e+00
-1.868611554201335068e+00
-1.868648970920957941e+00
-1.868885542753185858e+00
-1.868911248791249147e+00
-1.869124005213663509e+00
-1.869271058432007138e+00
-1.869286209433368207e+00
-1.869547282540804822e+00
-1.870004005007508185e+00
-1.870030885346092298e+00
-1.870044494010647096e+00
-1.870275927577650377e+00
-1.870326504964380687e+00
-1.870347338456539443e+00
-1.870594682922502194e+00
-1.870616389508196198e+00
-1.870636988401291223e+00
-1.870646075060242497e+00
-1.870695885479298770e+00
-1.870770489182750129e+00
-1.870933665219567388e+00
-1.870939936299542250e+00
-1.870954389921760441e+00
-1.871124249810984796e+00
-1.871276631803744372e+00
-1.871275243278726741e+00
-1.871353993089455381e+00
-1.871398826526680992e+00
-1.871417687205309210e+00
-1.871414370031067698e+00
-1.871418034813035813e+00
-1.871422034630015663e+00
-1.871520726313904426e+00
-1.871524741340092834e+00
-1.871568075174031787e+00
-1.871599379694610654e+00
-1.871621215528828319e+00
-1.871604171506493941e+00
-1.871642948038478416e+00
-1.871645591084226457e+00
-1.871648909418436091e+00
-1.871676301441623780e+00
-1.871854417459574593e+00
-1.871674081068039452e+00
-1.871693551660758015e+00
-1.871707874253986770e+00
-1.871810533486980788e+00
-1.871811112441912561e+00
-1.871826492075519210e+00
-1.871826881221710703e+00
-1.871827381701774318e+00
-1.871830016844709288e+00
-1.871870012481573475e+00
-1.871870329539055966e+00
-1.871892718941408962e+00
-1.871902545552099451e+00
-1.871894815035128889e+00
-1.871919706579527221e+00
-1.871954524905071526e+00
-1.871959816503774743e+00
-1.872043082368817224e+00
-1.872043343276618144e+00
-1.872045975218358471e+00
-1.872081209733925000e+00
-1.872100325188834624e+00
-1.872105540885734776e+00
-1.872116768823866018e+00
-1.872118235382810525e+00
-1.872192869147368599e+00
-1.872191825790295638e+00
-1.872200653634678691e+00
-1.872202616960014110e+00
-1.872201449082678160e+00
-1.872201527315549008e+00
-1.872214879701247447e+00
-1.872324470551389730e+00
-1.872565480487496714e+00
-1.872643827316040177e+00
-1.872733530759963294e+00
-1.872812214541373699e+00
-1.873177048396750255e+00
-1.873292630319584706e+00
-1.874073136471626544e+00
-1.875866099677209409e+00
-1.876549459031225719e+00
-1.876659541171159074e+00
-1.877166171884764534e+00
-1.877421756540341047e+00
-1.877535214121403229e+00
-1.877755733979573405e+00
-1.877742224484795663e+00
-1.877763701550791975e+00
-1.877771653655173623e+00
-1.877804792299141212e+00
-1.877828124404456123e+00
-1.877832783520868798e+00
-1.877840875975834045e+00
-1.877827818463134513e+00
-1.877827771069038976e+00
-1.877867787015985446e+00
-1.877863517882551125e+00
-1.877869656307818103e+00
-1.877864490406674580e+00
-1.877887789500189974e+00
-1.877910000496483267e+00
-1.877896594155035181e+00
-1.877890068978439242e+00
-1.877969378587090787e+00
-1.877946684357059581e+00
-1.877947275180369413e+00
-1.877949556556734789e+00
-1.877953041901506248e+00
-1.877953760751267076e+00
-1.877954953158371243e+00
-1.877955966590492798e+00
-1.877971596952422439e+00
-1.877977114434076444e+00
-1.878055444153549303e+00
-1.878055099417123674e+00
-1.877976382343641282e+00
-1.877972318892449310e+00
-1.877955709881816482e+00
-1.877955612778131389e+00
-1.877952576173752774e+00
-1.877953245528754866e+00
-1.877949474242436079e+00
-1.877947372784896540e+00
-1.877947188108114451e+00
-1.877969083918838322e+00
-1.877890068978439242e+00
-1.877896413029613853e+00
-1.877909843000875600e+00
-1.877887789500189974e+00
-1.877864490406674580e+00
-1.877869446528475539e+00
-1.877864588990346029e+00
-1.877867787015985446e+00
-1.877827771069038976e+00
-1.877827818463134513e+00
-1.877839766527286791e+00
-1.877833026824355933e+00
-1.877827929663187678e+00
-1.877805660465283744e+00
-1.877771564306855101e+00
-1.877763678660660407e+00
-1.877741511092935189e+00
-1.877756225658959721e+00
-1.877536039133860246e+00
-1.877421215039841496e+00
-1.877166233658142724e+00
-1.876659386157317755e+00
-1.876549612598374051e+00
-1.875865997236385585e+00
-1.874072490598630569e+00
-1.873292893075372056e+00
-1.873176789765355732e+00
-1.872812483832676289e+00
-1.872733820482624045e+00
-1.872642658267315907e+00
-1.872566721503187592e+00
-1.872323749596948916e+00
-1.872214879701247447e+00
-1.872201593659196250e+00
-1.872201456048269375e+00
-1.872202804491369887e+00
-1.872200567392071857e+00
-1.872192149903620706e+00
-1.872193008453385543e+00
-1.872118147684123546e+00
-1.872116768405008624e+00
-1.872104584400029026e+00
-1.872101194781829125e+00
-1.872080790494339508e+00
-1.872046338139165655e+00
-1.872043445942022322e+00
-1.872043114701042565e+00
-1.871959801914825805e+00
-1.871954673020486570e+00
-1.871919571197786292e+00
-1.871895232477364335e+00
-1.871901784208346076e+00
-1.871892704169114907e+00
-1.871870065302730701e+00
-1.871870256760257645e+00
-1.871830016844709288e+00
-1.871827381701774318e+00
-1.871827235270586698e+00
-1.871826478310851805e+00
-1.871811145424148393e+00
-1.871810755930733539e+00
-1.871707874253986770e+00
-1.871693551660758015e+00
-1.871674052307791492e+00
-1.871853906199698159e+00
-1.871675721084064214e+00
-1.871649963440449094e+00
-1.871645582422968523e+00
-1.871642942884636174e+00
-1.871604171506493941e+00
-1.871617940281054215e+00
-1.871600236879141566e+00
-1.871567107360078808e+00
-1.871524940885523902e+00
-1.871521030001197961e+00
-1.871420967558585779e+00
-1.871418828364514564e+00
-1.871414293936601858e+00
-1.871417844605202552e+00
-1.871399016584819330e+00
-1.871353993089455381e+00
-1.871274579485039613e+00
-1.871276834051964322e+00
-1.871123962440695454e+00
-1.870955219402363978e+00
-1.870939260205771948e+00
-1.870934239293408297e+00
-1.870770593916213809e+00
-1.870695491073605110e+00
-1.870646137066984238e+00
-1.870637725252401795e+00
-1.870616397711847290e+00
-1.870594123261019259e+00
-1.870347223014551918e+00
-1.870326903882686631e+00
-1.870275694585122439e+00
-1.870045264459298195e+00
-1.870029780234809813e+00
-1.870004267091908812e+00
-1.869547086122544943e+00
-1.869285792497568099e+00
-1.869271535207657875e+00
-1.869124440780275176e+00
-1.868911117987531956e+00
-1.868885685908631578e+00
-1.869200510105257784e+00
-1.869125030945830046e+00
-1.869390975989460246e+00
-1.869313627230747343e+00
-1.869634482320648328e+00
-1.870127271471916597e+00
-1.870380054014344040e+00
-1.869668829334606208e+00
-1.869857462196740538e+00
-1.869975120794684642e+00
-1.869894648302821372e+00
-1.870046063112961177e+00
-1.870084292480487020e+00
-1.869607714196750203e+00
-1.869484808322953162e+00
-1.869477199738848627e+00
-1.869428089015263250e+00
-1.869328103061207891e+00
-1.869323196288692479e+00
-1.869514884852867764e+00
-1.869354304443220371e+00
-1.869307228981363256e+00
-1.869398128752674637e+00
-1.869413418740145660e+00
-1.869420899870350317e+00
-1.869412398254273633e+00
-1.869475004794122430e+00
-1.869465041053307797e+00
-1.868847216644867526e+00
-1.868777968708306592e+00
-1.868948483922659776e+00
-1.869062899101888497e+00
-1.870388045840442715e+00
-1.870161402039573595e+00
-1.870313623770348599e+00
-1.870957751031227634e+00
-1.871401156815180489e+00
-1.871405633482717601e+00
-1.871524712980404015e+00
-1.871541903289148046e+00
-1.871480421240528713e+00
-1.871523110713780635e+00
-1.872178975090782238e+00
-1.873056805250026935e+00
-1.873850009570367181e+00
-1.874159444859485157e+00
-1.874134758495353381e+00
-1.874463599592009810e+00
-1.874748987577577353e+00
-1.875002069399648974e+00
-1.875088549826524620e+00
-1.874871889971470473e+00
-1.874867876674265910e+00
-1.874949743629834131e+00
-1.875221153064956958e+00
-1.876139628480223420e+00
-1.869370035538063801e+00
-1.870014894812128015e+00
-1.870983929061276863e+00
-1.871344396535178589e+00
-1.871338073475487640e+00
-1.871337711751930089e+00
-1.871341931518618384e+00
-1.873510067991200234e+00
-1.873654035934390283e+00
-1.874239486184611447e+00
-1.874838667594628028e+00
-1.875652549678377135e+00
-1.876021174127188162e+00
-1.875730803686213477e+00
-1.875691505053697083e+00
-1.875689560585473092e+00
-1.875851335711399059e+00
-1.876071190795178367e+00
-1.876226706569712688e+00
-1.876465843323020799e+00
-1.876558429885105905e+00
-1.879471121315182680e+00
-1.879726136306429263e+00
-1.879780959801856666e+00
-1.879775720173765929e+00
-1.879922566617361568e+00
-1.880032921318347761e+00
-1.880095288511449692e+00
-1.880053178530440849e+00
-1.880034048034993299e+00
-1.880529567047368733e+00
-1.878267017115139659e+00
-1.878009780561987085e+00
-1.878228372168630811e+00
-1.878124074577849578e+00
-1.878402246307210977e+00
-1.878176087278238260e+00
-1.878167796296121628e+00
-1.878152191907090263e+00
-1.878174486821608813e+00
-1.878188085399425500e+00
-1.878296794241953060e+00
-1.878307845154173039e+00
-1.877975233746368211e+00
-1.878035090920053829e+00
-1.878703897281646551e+00
-1.878326290981978453e+00
-1.878329222809481003e+00
-1.878311507858980933e+00
-1.878326714021948840e+00
-1.878264823393360539e+00
-1.878396650307710303e+00
-1.878455780134449027e+00
-1.878399839404930605e+00
-1.878484814980860840e+00
-1.878457781024388318e+00
-1.878446173959849030e+00
-1.878434817445334692e+00
-1.878458726725978689e+00
-1.878556686655086239e+00
-1.878492998197344832e+00
-1.878590056879308801e+00
-1.878701723292433456e+00
-1.878756673819375944e+00
-1.878765191176831717e+00
-1.878776657728017385e+00
-1.878777315632110589e+00
-1.878799334311274993e+00
-1.878816009790318819e+00
-1.878818546182397631e+00
-1.878764342389637410e+00
-1.878773178230173091e+00
-1.878943825195313888e+00
-1.878982402699179488e+00
-1.878939529375345696e+00
-1.878988570329069407e+00
-1.879050454877596366e+00
-1.879173288486232440e+00
-1.879158833378114846e+00
-1.879129836905040651e+00
-1.879176539511272503e+00
-1.879242309260245047e+00
-1.879279698272331434e+00
-1.879312161235846101e+00
-1.878871163821262513e+00
-1.878870067598317206e+00
-1.878846523558242332e+00
-1.878751760549383309e+00
-1.878794286551383586e+00
-1.878812300929446844e+00
-1.878802613117314779e+00
-1.878754674762206367e+00
-1.878730723891647969e+00
-1.878670274596529133e+00
-1.878676210553681836e+00
-1.878514382074882194e+00
-1.878372404265698403e+00
-1.878366968326038222e+00
-1.878439941373557076e+00
-1.878424234624436195e+00
-1.878413729955417111e+00
-1.878439798981055286e+00
-1.878393893571576267e+00
-1.878344725184347030e+00
-1.878283083598724534e+00
-1.878279134539241113e+00
-1.878170652358665205e+00
-1.878162632321084269e+00
-1.878223768504324598e+00
-1.878127188265296788e+00
-1.878156853151270012e+00
-1.878146741442458856e+00
-1.878162520742692632e+00
-1.878164714141271174e+00
-1.878072752209875684e+00
-1.878067615010578617e+00
-1.878034658707642857e+00
-1.877980467678968868e+00
-1.877987692055927527e+00
-1.878005303516254942e+00
-1.878037269054062985e+00
-1.878050692457414517e+00
-1.878046871983948041e+00
-1.877800546066036969e+00
-1.877798879120471609e+00
-1.877952763832594352e+00
-1.877967425909305987e+00
-1.877885726799455535e+00
-1.877867252322948932e+00
-1.877960990625151094e+00
-1.877958968603986367e+00
-1.877964173081107635e+00
-1.877964922509453238e+00
-1.877960345175709644e+00
-1.877784146668013854e+00
-1.877323362526630568e+00
-1.877472426545104156e+00
-1.876443713059032348e+00
-1.876454894855639655e+00
-1.876491801218853617e+00
-1.877206496160487514e+00
-1.877693725843371242e+00
-1.877698527292167574e+00
-1.877381104293802228e+00
-1.877400262520011243e+00
-1.877810378875267805e+00
-1.877804016415133503e+00
-1.875938243180017118e+00
-1.875794717399955847e+00
-1.875987907493803508e+00
-1.875261255370996638e+00
-1.875207041283368570e+00
-1.874851574025351741e+00
-1.875174129368656128e+00
-1.875091187810667526e+00
-1.875903787929006139e+00
-1.874690109768169854e+00
-1.874875397408599209e+00
-1.873273398184057026e+00
-1.873535948366024773e+00
-1.874122741805271275e+00
-1.871590943924516637e+00
-1.871576835782773340e+00
-1.871577438538522209e+00
-1.871490360123484020e+00
-1.871750603715426120e+00
-1.872296799532592537e+00
-1.872496481025182735e+00
-1.877128350063180129e+00
-1.877574662608788802e+00
-1.877114675524463205e+00
-1.876866969798677731e+00
-1.876908781494146528e+00
-1.877087011532300176e+00
-1.877077574476355926e+00
-1.876961394019388329e+00
-1.876954207901363025e+00
-1.876314723860095679e+00
-1.876395515533569647e+00
-1.876431817247019573e+00
-1.876141000133680681e+00
-1.875084002270801520e+00
-1.874441421898403792e+00
-1.874377564479758895e+00
-1.874379176684636938e+00
-1.874922867172337471e+00
-1.874816485972786051e+00
-1.874932227377386296e+00
-1.874785550121530697e+00
-1.874282444432754824e+00
-1.874143170004557657e+00
-1.874537925256419157e+00
-1.873504241396597880e+00
-1.872668877975563362e+00
-1.872497304929228612e+00
-1.872544946842244595e+00
-1.872655527383193741e+00
-1.872780130741901861e+00
-1.872639655187766650e+00
-1.872644328784225154e+00
-1.872671388247009183e+00
-1.872662427866422563e+00
-1.872712541513857243e+00
-1.872802016101273948e+00
-1.872876569279891434e+00
-1.872659467594604443e+00
-1.872656528067459192e+00
-1.872722662943827165e+00
-1.872811353539438173e+00
-1.872785361733292131e+00
-1.872927939503254757e+00
-1.873415009245867680e+00
-1.873152761265897359e+00
-1.873110454218434917e+00
-1.873161765090687325e+00
-1.873103331057400345e+00
-1.872917708733938147e+00
-1.873568233664306248e+00
-1.873306938263640919e+00
-1.872837699430155656e+00
-1.872676586116491571e+00
-1.873073143894563586e+00
-1.872960031883779131e+00
-1.873051776546706293e+00
-1.872660476045711508e+00
-1.872696833801270611e+00
-1.872836360590481419e+00
-1.872957678657951819e+00
-1.872959280377583635e+00
-1.873126982726069922e+00
-1.873601884007724649e+00
-1.873625163517819381e+00
-1.873640635872031446e+00
-1.873794423762325634e+00
-1.873809636693718250e+00
-1.873830901966673235e+00
-1.874216557759909918e+00
-1.874286745017148981e+00
-1.874289727013222606e+00
-1.874299593590000867e+00
-1.874363449624577571e+00
-1.874379612215090862e+00
-1.874602304330931002e+00
-1.874605656400447629e+00
-1.874606500473035009e+00
-1.874986597601215665e+00
-1.875093953260834834e+00
-1.875092499019985315e+00
-1.875105082910950127e+00
-1.875104368086090156e+00
-1.875122141826991218e+00
-1.875134783826377660e+00
-1.875140691793280467e+00
-1.875147259847822934e+00
-1.875215346932499028e+00
-1.875221495922358095e+00
-1.875313308518466782e+00
-1.875404692882985724e+00
-1.875415205401338881e+00
-1.875417303463879248e+00
-1.875545528365953896e+00
-1.875547639596167215e+00
-1.875555325875908341e+00
-1.875591053042006351e+00
-1.875699233899991381e+00
-1.875589992336939460e+00
-1.875594217630172533e+00
-1.875624551900190840e+00
-1.875746642439336087e+00
-1.875746153415117412e+00
-1.875765896014815359e+00
-1.875769298761946091e+00
-1.875770175396492379e+00
-1.875778682111825857e+00
-1.875808486863658864e+00
-1.875808222832970884e+00
-1.875853608793293326e+00
-1.875867355816883686e+00
-1.875857389054094160e+00
-1.875861374589828046e+00
-1.875909512855473249e+00
-1.875927524909393851e+00
-1.875995515585109130e+00
-1.876004405682935250e+00
-1.876003675381396008e+00
-1.876010707974851810e+00
-1.876014194783316213e+00
-1.876020718961784350e+00
-1.876023240252544522e+00
-1.876035320157265485e+00
-1.876154508362161799e+00
-1.876158667965390547e+00
-1.876166702856691959e+00
-1.876184296280825059e+00
-1.876180058112304483e+00
-1.876180463717637359e+00
-1.876191046427208020e+00
-1.876258381445917056e+00
-1.876475813274292470e+00
-1.876557724402597938e+00
-1.876617409826441207e+00
-1.876692170111840863e+00
-1.876980755514896737e+00
-1.877287669623331157e+00
-1.877821311545357030e+00
-1.879036537293010234e+00
-1.879725929834180409e+00
-1.879816046193160117e+00
-1.880207333573871598e+00
-1.880785204879314332e+00
-1.880927285266856597e+00
-1.881039115634465020e+00
-1.881046019278662662e+00
-1.881050925251780637e+00
-1.881059289002512402e+00
-1.881069962477504909e+00
-1.881072256051921299e+00
-1.881117833237742509e+00
-1.881151804226457891e+00
-1.881134037596059017e+00
-1.881134609539986347e+00
-1.881243844788432762e+00
-1.881240192245718479e+00
-1.881239744313263795e+00
-1.881239820615618452e+00
-1.881252294596586161e+00
-1.881273889614639927e+00
-1.881259215991235800e+00
-1.881257780118094303e+00
-1.881267544819406279e+00
-1.881259979362833512e+00
-1.881259812371223417e+00
-1.881274071181803453e+00
-1.881291079591073334e+00
-1.881312349999066491e+00
-1.881317707160933050e+00
-1.881320266588212053e+00
-1.881333168168431991e+00
-1.881347865030090993e+00
-1.881406858437129959e+00
-1.881407710614185991e+00
-1.881347648240843995e+00
-1.881333154191399348e+00
-1.881320030632054108e+00
-1.881318009189744123e+00
-1.881312344432430894e+00
-1.881290873296961763e+00
-1.881274071181803453e+00
-1.881259791950942173e+00
-1.881259449840475106e+00
-1.881268088197511901e+00
-1.881257780118094303e+00
-1.881259289118226929e+00
-1.881273900716790237e+00
-1.881252294596586161e+00
-1.881239820615618452e+00
-1.881239692706997868e+00
-1.881239777723187734e+00
-1.881243844788432762e+00
-1.881134506772064618e+00
-1.881134579729629941e+00
-1.881151608194851832e+00
-1.881117889099279461e+00
-1.881072547390278071e+00
-1.881069967513503860e+00
-1.881058862628924189e+00
-1.881051017812671144e+00
-1.881046329022448838e+00
-1.881038445179125329e+00
-1.880927720658627011e+00
-1.880784456907305779e+00
-1.880207848950189886e+00
-1.879816063909018453e+00
-1.879725928825138226e+00
-1.879036149803724909e+00
-1.877822118193437140e+00
-1.877287460921162277e+00
-1.876980650141019780e+00
-1.876692213928665698e+00
-1.876616960590796523e+00
-1.876557757293075834e+00
-1.876476587643136851e+00
-1.876258263434742890e+00
-1.876191024133788465e+00
-1.876180518967462518e+00
-1.876180347776454704e+00
-1.876183806797872444e+00
-1.876167219885490622e+00
-1.876158281488830681e+00
-1.876154466723702896e+00
-1.876035062466144598e+00
-1.876023476994338246e+00
-1.876019855200404596e+00
-1.876014944819621277e+00
-1.876010775379951090e+00
-1.876003675381396008e+00
-1.876004748209992634e+00
-1.875995109362108115e+00
-1.875927193733649467e+00
-1.875909465813331511e+00
-1.875861374589828046e+00
-1.875857698860939671e+00
-1.875867827108607999e+00
-1.875853655678519250e+00
-1.875808041016566952e+00
-1.875808247247962246e+00
-1.875778682111825857e+00
-1.875770189586134951e+00
-1.875769025388907885e+00
-1.875766031908016274e+00
-1.875746599500066836e+00
-1.875745929228324060e+00
-1.875624551900190840e+00
-1.875594217630172533e+00
-1.875590026572901969e+00
-1.875699793281949912e+00
-1.875590793737056394e+00
-1.875555757242415522e+00
-1.875547240783532743e+00
-1.875546081520404806e+00
-1.875417225297995927e+00
-1.875413095513902118e+00
-1.875404971082370809e+00
-1.875315277879493259e+00
-1.875219987521469234e+00
-1.875215360386468522e+00
-1.875148078993801981e+00
-1.875139765791678181e+00
-1.875135511152320245e+00
-1.875122625736189708e+00
-1.875104705274606376e+00
-1.875104910358769139e+00
-1.875091961858249112e+00
-1.875093499979478384e+00
-1.874986597601215665e+00
-1.874606342116645674e+00
-1.874605215475334541e+00
-1.874602602947476715e+00
-1.874380233880053703e+00
-1.874363602190804112e+00
-1.874299509263757546e+00
-1.874289433928262749e+00
-1.874286994258153927e+00
-1.874216998276823531e+00
-1.873830721675655564e+00
-1.873810034617367171e+00
-1.873793808735426669e+00
-1.873640505182926574e+00
-1.873625179995470180e+00
-1.873601398392803485e+00
-1.873127054238863165e+00
-1.872960081034754865e+00
-1.872957941700296391e+00
-1.872836202539958084e+00
-1.872696529297677603e+00
-1.872660376554039496e+00
-1.872302018310042282e+00
-1.872227961173531519e+00
-1.872251760237134244e+00
-1.872564697564575553e+00
-1.873156938751540990e+00
-1.873414672372526901e+00
-1.873403358371953598e+00
-1.872920196703234064e+00
-1.872756061845130660e+00
-1.873190874497445035e+00
-1.872843855192544371e+00
-1.873025667898114310e+00
-1.873115086499699267e+00
-1.872613699437372770e+00
-1.872507482146129387e+00
-1.872552003477345739e+00
-1.872486201431896369e+00
-1.872396174841025385e+00
-1.872399321346118306e+00
-1.872544071766176765e+00
-1.872465131031729735e+00
-1.872432181915556715e+00
-1.872320667078414269e+00
-1.872417190328590220e+00
-1.872355416756342317e+00
-1.872282107172498211e+00
-1.872378744084171709e+00
-1.872437014587337911e+00
-1.872149609232662826e+00
-1.872169052671084577e+00
-1.872399378587753738e+00
-1.873695229531580519e+00
-1.873440429879149161e+00
-1.873426713865207649e+00
-1.873545003284319277e+00
-1.874262561934020077e+00
-1.874521805203193114e+00
-1.874423109521115904e+00
-1.874692798717931819e+00
-1.874711855662883675e+00
-1.874678010186948685e+00
-1.874791010136088731e+00
-1.873317761305965501e+00
-1.874813394573021874e+00
-1.875631206892284464e+00
-1.875948212415669669e+00
-1.876062281156463118e+00
-1.876167032994923378e+00
-1.876133443746283991e+00
-1.876143291027708271e+00
-1.876183156766083604e+00
-1.876098791454555048e+00
-1.876090777036672819e+00
-1.876278920564591335e+00
-1.872498524006082299e+00
-1.872531286006980267e+00
-1.874126376671109595e+00
-1.873053282969424416e+00
-1.872969589004918500e+00
-1.873272432570346702e+00
-1.873385105479529855e+00
-1.873387168475619369e+00
-1.873388928902896211e+00
-1.875789429442002554e+00
-1.876095495495584853e+00
-1.876105985814904287e+00
-1.876658751698437655e+00
-1.876778733893690321e+00
-1.877042236596691893e+00
-1.877308567278369367e+00
-1.877215560353362900e+00
-1.877436101547441449e+00
-1.877759971992476906e+00
-1.877458518683788657e+00
-1.877521721728577564e+00
-1.878078364860723326e+00
-1.878462972923097496e+00
-1.879656128250828395e+00
-1.879973109095719241e+00
-1.880146758763211245e+00
-1.880546753286140849e+00
-1.880615363796170669e+00
-1.880689727832544733e+00
-1.880798235418679187e+00
-1.880787348359478361e+00
-1.880776974063911311e+00
-1.880752584760793988e+00
-1.880821212084009098e+00
-1.880815891636074433e+00
-1.880794516004673955e+00
-1.880795988595747703e+00
-1.880870117835629074e+00
-1.880872678793664932e+00
-1.880867514904623228e+00
-1.880868825411409428e+00
-1.880834789395366080e+00
-1.880785888373906367e+00
-1.880754510447967487e+00
-1.880773590315265809e+00
-1.880820692253525994e+00
-1.880826418377373965e+00
-1.880920632530072689e+00
-1.880921868598696145e+00
-1.880919690200690608e+00
-1.880941090770385848e+00
-1.880944518403700361e+00
-1.880940660043045609e+00
-1.880966051501048453e+00
-1.881000331759413280e+00
-1.880996114446399581e+00
-1.881057841733860814e+00
-1.881072129171548646e+00
-1.881077851491347763e+00
-1.881077281766747378e+00
-1.881109854534930292e+00
-1.881180155497280015e+00
-1.881016282786592164e+00
-1.881033787054952722e+00
-1.881165318810281928e+00
-1.881185281114694519e+00
-1.881191824045850058e+00
-1.881192442868962367e+00
-1.881210605080105402e+00
-1.881215089480324565e+00
-1.881229067727867132e+00
-1.881228873544846802e+00
-1.881224992523864437e+00
-1.881226634461848901e+00
-1.881290364161716466e+00
-1.881312816790078779e+00
-1.881318102269978310e+00
-1.881320812569040601e+00
-1.881352543022065893e+00
-1.881443740695864619e+00
-1.881446029938853126e+00
-1.881444179122814475e+00
-1.881440304707454603e+00
-1.881443551511717382e+00
-1.881440969964295107e+00
-1.881446549633464471e+00
-1.881447158988371893e+00
-1.881440563706935798e+00
-1.881444384666835168e+00
-1.881440023806113526e+00
-1.881443802981775271e+00
-1.881446350768873454e+00
-1.881443396094966580e+00
-1.881352104456206042e+00
-1.881321184632321675e+00
-1.881317945655319068e+00
-1.881314173037615944e+00
-1.881289088510786911e+00
-1.881226859048689803e+00
-1.881224607551512218e+00
-1.881229434774916331e+00
-1.881229163208531396e+00
-1.881214514539938598e+00
-1.881211650301495064e+00
-1.881190813524172167e+00
-1.881192543188931143e+00
-1.881185234967074349e+00
-1.881165171746410403e+00
-1.881033699228102485e+00
-1.881016697017515060e+00
-1.881179550497851682e+00
-1.881110124456847110e+00
-1.881077243977027358e+00
-1.881077856328695397e+00
-1.881072413552901113e+00
-1.881057867685234530e+00
-1.880996339110404314e+00
-1.880999291477188695e+00
-1.880966749016024231e+00
-1.880940892400857489e+00
-1.880944945466497931e+00
-1.880940360914960863e+00
-1.880920235322337541e+00
-1.880921977653288835e+00
-1.880920850470920502e+00
-1.880826527128354630e+00
-1.880820193932819073e+00
-1.880773999295358490e+00
-1.880754506519470404e+00
-1.880792411620821891e+00
-1.880833956732281154e+00
-1.880869656254070765e+00
-1.880864480121978488e+00
-1.880872397010348029e+00
-1.880869634133985002e+00
-1.880796061700836130e+00
-1.880794744026522469e+00
-1.880816568150854406e+00
-1.880827416740544100e+00
-1.880757662334337166e+00
-1.880773557199739709e+00
-1.880782836953448722e+00
-1.880800922769233940e+00
-1.880722920183810487e+00
-1.880643237182436645e+00
-1.880664657475733081e+00
-1.880162455715273850e+00
-1.880102069311856194e+00
-1.879628266315378937e+00
-1.878527222923408235e+00
-1.878227011636957267e+00
-1.877987436349607187e+00
-1.877915784039996483e+00
-1.877723441192198361e+00
-1.877712026803675105e+00
-1.877846025519631867e+00
-1.877698483811258257e+00
-1.877456912826674484e+00
-1.877138284074926000e+00
-1.877185288405825769e+00
-1.876742840095428022e+00
-1.876927464167984283e+00
-1.876674991470623777e+00
-1.875952921503312165e+00
-1.875951148542350122e+00
-1.875951841159680944e+00
-1.876138834348076712e+00
-1.876262513519488584e+00
-1.873037921655588800e+00
-1.873435463217716368e+00
-1.873646847180808761e+00
-1.873166907012637772e+00
-1.876579851370084651e+00
-1.876415922574664830e+00
-1.876349444573583991e+00
-1.876415248528336299e+00
-1.876298114894961788e+00
-1.876485812905771544e+00
-1.876373227998653359e+00
-1.876790048303365044e+00
-1.876182556949659963e+00
-1.875749488871354842e+00
-1.875198711017679987e+00
-1.873267687535729253e+00
-1.875055869177435275e+00
-1.874904853610005029e+00
-1.874950976127943925e+00
-1.875027214516032714e+00
-1.874742138662470303e+00
-1.874718065672105638e+00
-1.874573786738457537e+00
-1.873894934826194181e+00
-1.873795480941395031e+00
-1.874016573294952082e+00
-1.874044116638996726e+00
-1.872678617180017824e+00
-1.872440272020539753e+00
-1.872448570005210478e+00
-1.872884479009023106e+00
-1.872971387711156677e+00
-1.872789609787681719e+00
-1.872856596641927496e+00
-1.872923383299925693e+00
-1.872843138140519725e+00
-1.872859778051519708e+00
-1.872903072657186918e+00
-1.873066251848497732e+00
-1.872989639345310042e+00
-1.872996874593470196e+00
-1.873066449222804408e+00
-1.873165212197404506e+00
-1.873141449483142429e+00
-1.873198146890973081e+00
-1.873671839538758821e+00
-1.873512313361973103e+00
-1.873449604259818102e+00
-1.873648896612661652e+00
-1.873367772904290351e+00
-1.873592070069583837e+00
-1.874154622014215565e+00
-1.874162934179462559e+00
-1.874002805417216422e+00
-1.873550740189776853e+00
-1.873407258609876003e+00
-1.873406742412637715e+00
-1.873487370830024368e+00
-1.873796319990150394e+00
-1.873838543064171969e+00
-1.873953690144999129e+00
-1.874095974136876119e+00
-1.874099226400310236e+00
-1.874288436416141401e+00
-1.874759962492928977e+00
-1.874777169674348709e+00
-1.874810908346747018e+00
-1.874981091146111112e+00
-1.874994577636485804e+00
-1.875075558992100655e+00
-1.875490667727677696e+00
-1.875517010128983308e+00
-1.875519347020345284e+00
-1.875524445443229160e+00
-1.875612966150377758e+00
-1.875626412875637472e+00
-1.875886976403641659e+00
-1.875887494600669170e+00
-1.875888270486153253e+00
-1.876285071316408981e+00
-1.876413524131046007e+00
-1.876410938303718412e+00
-1.876438012474716199e+00
-1.876452539517094786e+00
-1.876460734033418731e+00
-1.876463519714926420e+00
-1.876471532741106341e+00
-1.876474266303766569e+00
-1.876534247876397998e+00
-1.876534639929476445e+00
-1.876605748022742048e+00
-1.876697165693550051e+00
-1.876715414341462385e+00
-1.876705622060451883e+00
-1.876780601181518460e+00
-1.876779373186365119e+00
-1.876792101685528014e+00
-1.876835546814955125e+00
-1.876976879986520963e+00
-1.876834029621269107e+00
-1.876849826994860138e+00
-1.876885274113137436e+00
-1.876926663092540748e+00
-1.876926898702504065e+00
-1.876944153412105631e+00
-1.876944262807388242e+00
-1.876947743525193779e+00
-1.876966026932628262e+00
-1.876987321509811402e+00
-1.876987501729017627e+00
-1.877011490536824923e+00
-1.877018145124708992e+00
-1.877010877278527445e+00
-1.877012571851344624e+00
-1.877019856062202674e+00
-1.877042366650888638e+00
-1.877112291981572145e+00
-1.877114537044615172e+00
-1.877113284145278449e+00
-1.877126722062909758e+00
-1.877127949502924942e+00
-1.877131268217017368e+00
-1.877134148549555626e+00
-1.877144813850301297e+00
-1.877295310551379659e+00
-1.877292808250565326e+00
-1.877297535684278706e+00
-1.877305552537011035e+00
-1.877298947183626776e+00
-1.877298832924925165e+00
-1.877307042897621070e+00
-1.877361511260126736e+00
-1.877539994818671509e+00
-1.877635657903418132e+00
-1.877691313855655686e+00
-1.877752532177333844e+00
-1.878033576172204899e+00
-1.878271562950308837e+00
-1.878787213304905279e+00
-1.880042677270568952e+00
-1.880767440836377702e+00
-1.880886387511032432e+00
-1.881125974957313707e+00
-1.881853202381098100e+00
-1.882002199561616518e+00
-1.882131994619599791e+00
-1.882124115080324955e+00
-1.882130732669785811e+00
-1.882133308930752147e+00
-1.882150606128603965e+00
-1.882152809263723192e+00
-1.882180177222693596e+00
-1.882207894487751387e+00
-1.882188475578413067e+00
-1.882188285458980204e+00
-1.882297251517138559e+00
-1.882292689791643436e+00
-1.882291720444600802e+00
-1.882292238071836099e+00
-1.882305757634465726e+00
-1.882325353648358846e+00
-1.882312180328352236e+00
-1.882315292590656108e+00
-1.882349099537083958e+00
-1.882326729583770231e+00
-1.882328086601200434e+00
-1.882340430711416657e+00
-1.882346490216577628e+00
-1.882370779360244661e+00
-1.882378108435717845e+00
-1.882378533086437322e+00
-1.882399274947049062e+00
-1.882407588029334722e+00
-1.882493428007959935e+00
-1.882492767599182493e+00
-1.882408448573177129e+00
-1.882399101595284563e+00
-1.882379047938550931e+00
-1.882377261654078815e+00
-1.882371212815074690e+00
-1.882345521456400661e+00
-1.882340416904169977e+00
-1.882328280620847227e+00
-1.882327751889815382e+00
-1.882349160020080792e+00
-1.882315292590656108e+00
-1.882312180328352236e+00
-1.882325610034575325e+00
-1.882305757634465726e+00
-1.882292238071836099e+00
-1.882291656106950040e+00
-1.882291754469720191e+00
-1.882297251517138559e+00
-1.882188285458980204e+00
-1.882188287153589767e+00
-1.882208562743087565e+00
-1.882179029328326703e+00
-1.882153306274932270e+00
-1.882150052478688718e+00
-1.882134670231359275e+00
-1.882129347577326861e+00
-1.882124162194391603e+00
-1.882132493524894201e+00
-1.882001902823261297e+00
-1.881853554452532329e+00
-1.881125900310431920e+00
-1.880885502510286189e+00
-1.880768075483079560e+00
-1.880042853116136836e+00
-1.878787003679862178e+00
-1.878272411895241412e+00
-1.878032918934099627e+00
-1.877752554065996282e+00
-1.877691611138137207e+00
-1.877635560853894159e+00
-1.877540562439967697e+00
-1.877361259954124950e+00
-1.877306968503967610e+00
-1.877298826976591339e+00
-1.877298779049700883e+00
-1.877305806146036371e+00
-1.877296945667149775e+00
-1.877293099194520920e+00
-1.877294787405763277e+00
-1.877145252380263418e+00
-1.877134283005177817e+00
-1.877130813325720959e+00
-1.877129102613106504e+00
-1.877125587165448195e+00
-1.877113423606656450e+00
-1.877113996076301472e+00
-1.877113191636012868e+00
-1.877041926731606747e+00
-1.877020960254576876e+00
-1.877012504236119206e+00
-1.877010401056709021e+00
-1.877018488336859026e+00
-1.877011284332517072e+00
-1.876986431107965814e+00
-1.876987477459650666e+00
-1.876966026932628262e+00
-1.876947542706195460e+00
-1.876945284826315508e+00
-1.876943978230753762e+00
-1.876926556651409506e+00
-1.876926134819342451e+00
-1.876885274113137436e+00
-1.876850035894969126e+00
-1.876833820486458082e+00
-1.876976782805040767e+00
-1.876835595288171010e+00
-1.876791434281996684e+00
-1.876780208728865640e+00
-1.876779379655316937e+00
-1.876705631576576438e+00
-1.876715666315814879e+00
-1.876696777664758509e+00
-1.876605371596765881e+00
-1.876534917336088348e+00
-1.876534350998541045e+00
-1.876474130955073871e+00
-1.876471581732968463e+00
-1.876463426756100894e+00
-1.876460707427964891e+00
-1.876452179961526356e+00
-1.876438079211254495e+00
-1.876411164835714906e+00
-1.876413621318292702e+00
-1.876285071316408981e+00
-1.875888320018719746e+00
-1.875887604181361024e+00
-1.875886275522413271e+00
-1.875627027965562466e+00
-1.875612966150377758e+00
-1.875524323144094119e+00
-1.875519321571197384e+00
-1.875516525321560879e+00
-1.875491130515595462e+00
-1.875076116451862562e+00
-1.874994079623645060e+00
-1.874980847842742548e+00
-1.874811506639271208e+00
-1.874777466709369733e+00
-1.874760198479889617e+00
-1.874288411507450292e+00
-1.874098359128114843e+00
-1.874095669679208154e+00
-1.873953973335112710e+00
-1.873838270427508501e+00
-1.873796136397551493e+00
-1.873487827988713716e+00
-1.873406501808947189e+00
-1.873407410333057133e+00
-1.873264698378314108e+00
-1.873530827297481327e+00
-1.873949869286983816e+00
-1.874339205968794442e+00
-1.873413508022768292e+00
-1.873416664498251727e+00
-1.873753120861743726e+00
-1.873447760311914845e+00
-1.873465118480489355e+00
-1.873671333759182822e+00
-1.873209177928532032e+00
-1.873198457067608125e+00
-1.873229224292878747e+00
-1.873307657450059782e+00
-1.873223213411678412e+00
-1.873217169069282484e+00
-1.873200704317079524e+00
-1.873218275830363488e+00
-1.873306042647923331e+00
-1.873588273960666850e+00
-1.873681058622463702e+00
-1.873429934594963431e+00
-1.873397752481879230e+00
-1.873484040181692567e+00
-1.873492250000723169e+00
-1.874375955435804375e+00
-1.874494890354136967e+00
-1.874587254573257367e+00
-1.874651248658871117e+00
-1.875253696769457523e+00
-1.875316807424607379e+00
-1.875554045176019535e+00
-1.876245312474489557e+00
-1.873755721442326827e+00
-1.873744143485875924e+00
-1.873802621609553576e+00
-1.873751025527606640e+00
-1.873747068482878086e+00
-1.873794717154285472e+00
-1.874078132967752719e+00
-1.874563199563711535e+00
-1.875502451290410821e+00
-1.875875841220354889e+00
-1.875917997902881496e+00
-1.873246338953167278e+00
-1.873249767987246184e+00
-1.873636837685259904e+00
-1.873513358483684499e+00
-1.873789965203396024e+00
-1.873758708823770824e+00
-1.873868229501856053e+00
-1.874055339490678929e+00
-1.874395196970679356e+00
-1.874548440787904280e+00
-1.875988867883418898e+00
-1.876722310079158351e+00
-1.877375579204527467e+00
-1.877442058727095020e+00
-1.877439244175665767e+00
-1.877448709272405480e+00
-1.878031034539410227e+00
-1.878358471508860816e+00
-1.878369248720584750e+00
-1.878991574446230883e+00
-1.878960735905369717e+00
-1.879642567340215065e+00
-1.879779175629029186e+00
-1.879797079369463830e+00
-1.879812636053832531e+00
-1.880027888585178442e+00
-1.880523272473441754e+00
-1.880534654581041742e+00
-1.880616540606206311e+00
-1.880880876224334308e+00
-1.882053717674165627e+00
-1.882455631244745131e+00
-1.882411664220782876e+00
-1.882341299211045316e+00
-1.882374719792105244e+00
-1.882417699652607412e+00
-1.882293312251736683e+00
-1.882157047813335593e+00
-1.882179136383420381e+00
-1.882261079813196236e+00
-1.882485186022590185e+00
-1.882426453191814453e+00
-1.882381767742389300e+00
-1.882381200871829252e+00
-1.882452746200934390e+00
-1.882452662139968869e+00
-1.882446317574636652e+00
-1.882438631640074966e+00
-1.882420001911409679e+00
-1.882367847270905559e+00
-1.882347613531910380e+00
-1.882373694471988657e+00
-1.882440007969250484e+00
-1.882440887673697549e+00
-1.882497173917445199e+00
-1.882504221371758657e+00
-1.882540800589270980e+00
-1.882510586991103629e+00
-1.882526783773341927e+00
-1.882532423958891421e+00
-1.882559980380236198e+00
-1.882588838697128786e+00
-1.882600089309627300e+00
-1.882702111155929670e+00
-1.882716374678549132e+00
-1.882702111234870745e+00
-1.882697328958505167e+00
-1.882742321503202199e+00
-1.882754561787097103e+00
-1.882674005902557735e+00
-1.882687626656142754e+00
-1.882909787400932844e+00
-1.882929108925090134e+00
-1.882933931159065599e+00
-1.882932948869425527e+00
-1.882934725698996337e+00
-1.882941894373421965e+00
-1.882987715959377750e+00
-1.882987547802699391e+00
-1.882988634898069780e+00
-1.882989427261507753e+00
-1.883027084125181494e+00
-1.883054070832327564e+00
-1.883054281381251194e+00
-1.883067619101346457e+00
-1.883114304784233362e+00
-1.883225979677220607e+00
-1.883226405033810114e+00
-1.883224455491863125e+00
-1.883228400026554006e+00
-1.883257123448289994e+00
-1.883253267140271303e+00
-1.883254780267063389e+00
