-1.422201208086976365e+00
-1.422347297543219868e+00
-1.422394136217610239e+00
-1.422411239954405104e+00
-1.424248403182009071e+00
-1.425412162876894318e+00
-1.425738797176027806e+00
-1.426579597713107272e+00
-1.426702641341051958e+00
-1.426727198280867359e+00
-1.453028515024218370e+00
-1.463465718570640783e+00
-1.464009414536175502e+00
-1.464083458785505609e+00
-1.464032959584723903e+00
-1.467440418345450581e+00
-1.467819667726893318e+00
-1.467964193216392266e+00
-1.468059072602300397e+00
-1.468291851782944857e+00
-1.468784592384826837e+00
-1.468905768830433001e+00
-1.469233999516717626e+00
-1.469388778630244863e+00
-1.469444935580840772e+00
-1.470015241523586980e+00
-1.470262896133442077e+00
-1.470460844751054541e+00
-1.470929295864738862e+00
-1.473341981314696181e+00
-1.473340704754747543e+00
-1.473619263590101980e+00
-1.474273262747815227e+00
-1.475408382517203520e+00
-1.475815718859309289e+00
-1.476884391946058361e+00
-1.477200657473201950e+00
-1.478446089595587098e+00
-1.478523560906176204e+00
-1.479220576259487885e+00
-1.484591357637536246e+00
-1.484615119783941672e+00
-1.485017444516654850e+00
-1.485025362615000066e+00
-1.485276239687888022e+00
-1.485467018070248058e+00
-1.485469331456310105e+00
-1.485706250074950274e+00
-1.486248058495286184e+00
-1.487592078874883761e+00
-1.500557833858934709e+00
-1.501492401657881892e+00
-1.579304190873007219e+00
-1.683552785588316336e+00
-1.683555266591942878e+00
-1.683635447336209401e+00
-1.684606592655640167e+00
-1.687313822296061971e+00
-1.696053991606625289e+00
-1.696405110881890721e+00
-1.697290890609606473e+00
-1.703964958504122773e+00
-1.705437404434897219e+00
-1.709735989911852938e+00
-1.710798982221111597e+00
-1.723143742279482860e+00
-1.723431376933335368e+00
-1.723629495135919010e+00
-1.723995732873651487e+00
-1.725254729840360213e+00
-1.742635869363758028e+00
-1.754633345895545204e+00
-1.754762405992055463e+00
-1.758902596753996406e+00
-1.759144755770904567e+00
-1.759360959139560698e+00
-1.776487598991266958e+00
-1.776659114440931608e+00
-1.776817390927490692e+00
-1.776799178588940764e+00
-1.778140167838050623e+00
-1.829553046720902465e+00
-1.830222251972838166e+00
-1.832185667426632136e+00
-1.836999605305481564e+00
-1.835893355176442920e+00
-1.835981647058841482e+00
-1.836332915831088819e+00
-1.836340070385579226e+00
-1.837769357947097504e+00
-1.837808538992924845e+00
-1.838106641299405819e+00
-1.838143851125117356e+00
-1.838239114334094371e+00
-1.838299350601300564e+00
-1.839973948396744330e+00
-1.840209224152913325e+00
-1.849351995575901242e+00
-1.850124420974790018e+00
-1.852743644758325647e+00
-1.853011873270652199e+00
-1.851616166626858240e+00
-1.850581315536243832e+00
-1.850508975402785694e+00
-1.850521673015552704e+00
-1.850456423403457062e+00
-1.851709782325924980e+00
-1.851655700315777864e+00
-1.851833749248303906e+00
-1.851994901398667848e+00
-1.851076512780262195e+00
-1.850810788301805232e+00
-1.851390822752153387e+00
-1.851066776968777194e+00
-1.851061732413511240e+00
-1.851503616623255022e+00
-1.851739565372640062e+00
-1.852148875410596807e+00
-1.852159686700572960e+00
-1.851667114897169952e+00
-1.851092034112465479e+00
-1.851133357010985359e+00
-1.851133666383973919e+00
-1.851174418371388075e+00
-1.851281257944588976e+00
-1.851281302221498226e+00
-1.851408361225653110e+00
-1.851558355010317403e+00
-1.851691848203409485e+00
-1.851791425261279489e+00
-1.852995570118317392e+00
-1.853083330572927512e+00
-1.853222142710345022e+00
-1.854325044391853528e+00
-1.854402804862709253e+00
-1.854330013095846219e+00
-1.854420648891395684e+00
-1.856840348450296219e+00
-1.857013256522118461e+00
-1.857017983356304525e+00
-1.857615885392118082e+00
-1.857626614662192033e+00
-1.858147350866882208e+00
-1.858375773203628345e+00
-1.858362087685565101e+00
-1.858684358995194241e+00
-1.859462103279318823e+00
-1.859485541828437949e+00
-1.859610604986412286e+00
-1.859756760795098440e+00
-1.859758994878401239e+00
-1.859816958553295319e+00
-1.860038370332363744e+00
-1.860063629600127388e+00
-1.860083334949552913e+00
-1.860101635610575288e+00
-1.860142513689466481e+00
-1.860238095127572322e+00
-1.860330456849988767e+00
-1.860331964766821278e+00
-1.860326938363525917e+00
-1.860653972908257403e+00
-1.860842202639451548e+00
-1.860709713426537348e+00
-1.860823974194685704e+00
-1.860927519117578921e+00
-1.860926277748764068e+00
-1.860942329148910446e+00
-1.860953663635148692e+00
-1.860962989442617399e+00
-1.861130936573672789e+00
-1.861135290509701612e+00
-1.861184873742947499e+00
-1.861204774032464204e+00
-1.861233671721785221e+00
-1.861239613566447515e+00
-1.861275658704732994e+00
-1.861276694726913483e+00
-1.861283759620184997e+00
-1.861344667128791208e+00
-1.861506705854030885e+00
-1.861506284326762239e+00
-1.861507572097556906e+00
-1.861516559748476185e+00
-1.861656515599795725e+00
-1.861657165747844900e+00
-1.861657659096284334e+00
-1.861660685205028365e+00
-1.861660465855561553e+00
-1.861687232877266007e+00
-1.861754288204830354e+00
-1.861754497101758998e+00
-1.861774944663837861e+00
-1.861782318734396480e+00
-1.861798506077021687e+00
-1.861810921625020487e+00
-1.861855646512201590e+00
-1.861861207772276039e+00
-1.861956104372754162e+00
-1.861970994577283989e+00
-1.861971588784676612e+00
-1.862030601898368332e+00
-1.862056023175395758e+00
-1.862059521814564800e+00
-1.862057857073892375e+00
-1.862057689274373207e+00
-1.862103196107211867e+00
-1.862126759956336475e+00
-1.862159819294547880e+00
-1.862176584066806528e+00
-1.862186011589641588e+00
-1.862185928408382818e+00
-1.862188398516844590e+00
-1.862329874109344141e+00
-1.862576160143984527e+00
-1.862581494795682469e+00
-1.862683332750074694e+00
-1.862879807053429371e+00
-1.863148620546421830e+00
-1.863171713475920699e+00
-1.864038763612956728e+00
-1.865011787060400827e+00
-1.865267981367880967e+00
-1.866143559479563452e+00
-1.866654824036330762e+00
-1.866919155926517027e+00
-1.867017106667743676e+00
-1.867144807250680660e+00
-1.867206091338282858e+00
-1.865516619095545225e+00
-1.859247625397179693e+00
-1.850947258696842290e+00
-1.856820537502088753e+00
-1.857182430293215170e+00
-1.857590042299115174e+00
-1.857595500236908226e+00
-1.857597705366399676e+00
-1.857089782916413245e+00
-1.857527456344770345e+00
-1.857528366474311854e+00
-1.857523578625785765e+00
-1.857728696771493215e+00
-1.857664764649607170e+00
-1.857731787726056405e+00
-1.857913429598305521e+00
-1.857952302026903535e+00
-1.857959938916547538e+00
-1.857954002456520648e+00
-1.858009261064528017e+00
-1.858022390467992224e+00
-1.858103680333790919e+00
-1.858180963696204779e+00
-1.858212412708539762e+00
-1.858223037992663418e+00
-1.858248058475664655e+00
-1.858277861137496600e+00
-1.858277861135904097e+00
-1.858248058475656439e+00
-1.858223037987265291e+00
-1.858212412713094341e+00
-1.858180963696454358e+00
-1.858103680336765429e+00
-1.858022386321369179e+00
-1.858009261065152629e+00
-1.857954043248790210e+00
-1.857955656455765991e+00
-1.857952302026989688e+00
-1.857913429628194280e+00
-1.857671067661555098e+00
-1.857664820134406369e+00
-1.857728696743825569e+00
-1.857523579532424085e+00
-1.857527785714415458e+00
-1.857527215396213682e+00
-1.857661615061750204e+00
-1.857640990383919721e+00
-1.857652431122890135e+00
-1.857587880217470344e+00
-1.857181731084833087e+00
-1.856820051888153023e+00
-1.850945787745805760e+00
-1.859241242589099841e+00
-1.865516209364598499e+00
-1.867206046630516925e+00
-1.867146787091524374e+00
-1.867017096885370320e+00
-1.866919139066484767e+00
-1.866654824021350079e+00
-1.866143677686792568e+00
-1.865271452980552302e+00
-1.865011797726894960e+00
-1.864038761550832479e+00
-1.863172077819899464e+00
-1.863148621850011066e+00
-1.862879807042224112e+00
-1.862683332776832179e+00
-1.862581494767726165e+00
-1.862576160202011444e+00
-1.862329874129446061e+00
-1.862188398515327137e+00
-1.862185928364275878e+00
-1.862186011599143098e+00
-1.862176584068981011e+00
-1.862159819289688212e+00
-1.862126759956876043e+00
-1.862103196107152359e+00
-1.862057689064551269e+00
-1.862057856993486915e+00
-1.862059521819471541e+00
-1.862056023335351362e+00
-1.862030601569767407e+00
-1.861971588786267340e+00
-1.861970994577995420e+00
-1.861956104376077947e+00
-1.861861207774153870e+00
-1.861855646534765985e+00
-1.861810921625040249e+00
-1.861798506072991355e+00
-1.861782318734720665e+00
-1.861774944663757925e+00
-1.861754492440820696e+00
-1.861754288206344476e+00
-1.861687232877135889e+00
-1.861660465855558444e+00
-1.861660685205135835e+00
-1.861657659096232154e+00
-1.861657173287841527e+00
-1.861656515598401729e+00
-1.861516559527925052e+00
-1.861507572096280150e+00
-1.861506318463071352e+00
-1.861506705852721488e+00
-1.861344667138477904e+00
-1.861283759620491640e+00
-1.861276694727756142e+00
-1.861275658700787261e+00
-1.861239613566935791e+00
-1.861233671722685834e+00
-1.861204774034641574e+00
-1.861184873774036852e+00
-1.861135290512141882e+00
-1.861130936548282433e+00
-1.860962989443450288e+00
-1.860953663631505606e+00
-1.860942329145194085e+00
-1.860926277746366875e+00
-1.860927519117456574e+00
-1.860823974193150487e+00
-1.860709942020549734e+00
-1.860842202889300356e+00
-1.860653973065337752e+00
-1.860326938320880252e+00
-1.860251762692368249e+00
-1.860330456544380340e+00
-1.860238078473905432e+00
-1.860142513871386738e+00
-1.860101635610180937e+00
-1.860083334965830559e+00
-1.860063629597332069e+00
-1.860038370323674028e+00
-1.859816958529325825e+00
-1.859758994854185277e+00
-1.859756760794579966e+00
-1.859610605492038049e+00
-1.859485541821430221e+00
-1.859462103268282762e+00
-1.858684358976518070e+00
-1.858362087685562880e+00
-1.858375773211421889e+00
-1.858147343622551961e+00
-1.857626614665844222e+00
-1.857615885392048583e+00
-1.857017983357077906e+00
-1.857013256514576494e+00
-1.856840348450932154e+00
-1.854420648891290879e+00
-1.854330013057009063e+00
-1.854402804868940269e+00
-1.854325044391309962e+00
-1.853222142713831344e+00
-1.853083330558636499e+00
-1.852995569928370445e+00
-1.851791425260333579e+00
-1.851691848624569481e+00
-1.851558355010292756e+00
-1.851408361224712085e+00
-1.851281304856508214e+00
-1.851281258458968626e+00
-1.851174418335179483e+00
-1.851133643815647156e+00
-1.851133270775222828e+00
-1.851092046710962613e+00
-1.851666603782526899e+00
-1.852159686462332644e+00
-1.852148879459579511e+00
-1.851739565362063189e+00
-1.851210774412004101e+00
-1.851061706726066625e+00
-1.851066776969199967e+00
-1.851390822728208096e+00
-1.850810657982458807e+00
-1.851076316681864675e+00
-1.851994881639423163e+00
-1.851833747079663084e+00
-1.851655696490329461e+00
-1.851709730078424432e+00
-1.850454996820436460e+00
-1.850521671765391840e+00
-1.850508708710061123e+00
-1.850581312456853311e+00
-1.851616080035221046e+00
-1.853011874227191047e+00
-1.852743644706591697e+00
-1.850124420933148439e+00
-1.849351995394311832e+00
-1.849664776940835864e+00
-1.851405159727480765e+00
-1.850880972752949827e+00
-1.850732843335899824e+00
-1.850783824856792936e+00
-1.850878098376834258e+00
-1.851099514156609338e+00
-1.851249260633214266e+00
-1.851269873317607395e+00
-1.851396211524509283e+00
-1.851395558518297957e+00
-1.851350747925766260e+00
-1.852740808757233681e+00
-1.853665176889292665e+00
-1.849638688325116131e+00
-1.850336056924762884e+00
-1.851048275528442311e+00
-1.850677116653538068e+00
-1.850749134393594675e+00
-1.850726623129096193e+00
-1.852878524913829317e+00
-1.849652566212626414e+00
-1.850289772730714599e+00
-1.853061087978653543e+00
-1.850546907313034506e+00
-1.852176326187964905e+00
-1.852663993900554473e+00
-1.852392215394288666e+00
-1.852438830021143401e+00
-1.852071019583928280e+00
-1.852011768264883340e+00
-1.850857292454288761e+00
-1.849570440359453727e+00
-1.848887801625411775e+00
-1.852655173289709634e+00
-1.850882052088293150e+00
-1.850493111118344025e+00
-1.851361468394631782e+00
-1.851223612601100132e+00
-1.851333272935038021e+00
-1.850264295436364836e+00
-1.850414784042639260e+00
-1.850370510258291246e+00
-1.851110384920919172e+00
-1.848908277803799516e+00
-1.848850922985575629e+00
-1.848958047739352129e+00
-1.848785187284361475e+00
-1.849027264030874029e+00
-1.849006619828096554e+00
-1.848992236476127315e+00
-1.849038939102794377e+00
-1.849248224919573858e+00
-1.849249246882377129e+00
-1.848972052852926762e+00
-1.848989919956304906e+00
-1.848986587883130639e+00
-1.849050572338977849e+00
-1.849295247189686631e+00
-1.849501123701621452e+00
-1.849177957397359906e+00
-1.849302338185294436e+00
-1.849183022070844951e+00
-1.849155586875280921e+00
-1.849233261441406651e+00
-1.849789004558062278e+00
-1.849494810969590119e+00
-1.849651076340110389e+00
-1.849648095815474846e+00
-1.849649684712855402e+00
-1.849667428983040596e+00
-1.849742651926970183e+00
-1.849864614515495775e+00
-1.849872567934218726e+00
-1.849887017609770812e+00
-1.850022238543875153e+00
-1.850064252211589544e+00
-1.850112342047526948e+00
-1.850127968808587431e+00
-1.850147265285312148e+00
-1.850181767199034377e+00
-1.850283631195105194e+00
-1.850281384029349496e+00
-1.850290157503313715e+00
-1.850373491855497710e+00
-1.850593383721039764e+00
-1.850651623429396153e+00
-1.850549959975488434e+00
-1.850558580319014101e+00
-1.850464146615837358e+00
-1.848884485846093106e+00
-1.848894554570775117e+00
-1.848860872539550115e+00
-1.848920041853260976e+00
-1.849009837296525127e+00
-1.849055203165026695e+00
-1.849174026687623540e+00
-1.849174026722216979e+00
-1.849106504982745092e+00
-1.849251674331659379e+00
-1.849176451874951610e+00
-1.849171925819597329e+00
-1.849258702755437245e+00
-1.849276958605730048e+00
-1.850117340926106246e+00
-1.850217254154339797e+00
-1.850229764821514244e+00
-1.850249014028470196e+00
-1.850004779527343990e+00
-1.849710094985585140e+00
-1.849709179202382092e+00
-1.849641319498134928e+00
-1.849618811327010448e+00
-1.849515562748178965e+00
-1.849582786015652180e+00
-1.849486549648665878e+00
-1.849398614105561611e+00
-1.849377006479876462e+00
-1.849355327017661699e+00
-1.849275880167683184e+00
-1.849264261501734286e+00
-1.849258836723812749e+00
-1.849150729428060469e+00
-1.849092816596292099e+00
-1.849089402750492273e+00
-1.849104565777382803e+00
-1.849114796627961965e+00
-1.849158236417251855e+00
-1.850069731889160574e+00
-1.849812060713617701e+00
-1.849901194853848407e+00
-1.849877019243750809e+00
-1.849905562806244408e+00
-1.849864658943083606e+00
-1.849917438082668841e+00
-1.849711229080869934e+00
-1.849688128998988823e+00
-1.849852660760403555e+00
-1.850096873913569695e+00
-1.850104030525661969e+00
-1.850015983306132039e+00
-1.850105149067400534e+00
-1.850039836130140447e+00
-1.850047832378599821e+00
-1.850122727504160736e+00
-1.850055212323212128e+00
-1.850800935827670912e+00
-1.850745439311364926e+00
-1.850287049436951659e+00
-1.850503093611622463e+00
-1.850829565092285023e+00
-1.850067502096604199e+00
-1.850107290589933173e+00
-1.850749451586990446e+00
-1.851257420353203287e+00
-1.851982309999572918e+00
-1.851505763604300192e+00
-1.850954169172430497e+00
-1.851811589401140434e+00
-1.854109782383097205e+00
-1.854114643243897520e+00
-1.853184462773553642e+00
-1.854759471233374146e+00
-1.856050183906987172e+00
-1.856746597782202635e+00
-1.852708628349774012e+00
-1.851873116974202205e+00
-1.851940798386379372e+00
-1.852180937464349864e+00
-1.850237512767062942e+00
-1.851030557955172906e+00
-1.850561487358245216e+00
-1.851217417589911207e+00
-1.852458541757643129e+00
-1.853466136861486202e+00
-1.853469152862653235e+00
-1.853467020933361908e+00
-1.853886042484111485e+00
-1.853277561789228312e+00
-1.853126508130100714e+00
-1.856354371500161804e+00
-1.857429188617506943e+00
-1.857283612480330248e+00
-1.857496576840473868e+00
-1.857158022968673494e+00
-1.857335264279682985e+00
-1.857364574851669392e+00
-1.857376645784406755e+00
-1.857365979196096806e+00
-1.857326406722614287e+00
-1.857314494584318521e+00
-1.857684440559713046e+00
-1.857909712571172545e+00
-1.857963134842780306e+00
-1.857363471412887934e+00
-1.857706425204896483e+00
-1.860423846635756107e+00
-1.860721014203217560e+00
-1.861637593244956479e+00
-1.861622159794118936e+00
-1.861830597657998299e+00
-1.861712896089584346e+00
-1.861916977425433828e+00
-1.862371404076076153e+00
-1.862441305916488599e+00
-1.862434007769904198e+00
-1.862449371843178714e+00
-1.862496162800625132e+00
-1.862665611641624031e+00
-1.862813675460580631e+00
-1.862745748887510766e+00
-1.862745082160251364e+00
-1.862813435307651755e+00
-1.863056662556599852e+00
-1.863632917619384655e+00
-1.863663171268714391e+00
-1.864109826340703879e+00
-1.864186620261306881e+00
-1.864322175053256148e+00
-1.864345373927458249e+00
-1.864367789904412653e+00
-1.864383235749980772e+00
-1.864386728093233359e+00
-1.864551806700420977e+00
-1.864654803911244496e+00
-1.865134253005788167e+00
-1.865142470595200441e+00
-1.865159057370695095e+00
-1.865212206129470918e+00
-1.865289065825528780e+00
-1.866077635432344728e+00
-1.866183866944800984e+00
-1.866115866057207473e+00
-1.866147083421965114e+00
-1.866836699906027075e+00
-1.867165151435134840e+00
-1.867224908101803083e+00
-1.867401919161971957e+00
-1.867494143958977837e+00
-1.867881832106941697e+00
-1.867997018277479215e+00
-1.867973565705686179e+00
-1.868315351318367012e+00
-1.868797461602106358e+00
-1.868824021107433619e+00
-1.868903964392747641e+00
-1.869000311494390276e+00
-1.869004173839886374e+00
-1.869024448896689616e+00
-1.869347973023728349e+00
-1.869381736447528475e+00
-1.869335670855424958e+00
-1.869310605379427948e+00
-1.869395931180872328e+00
-1.869448207597207867e+00
-1.869649280412879477e+00
-1.869654686575483726e+00
-1.869686834383219587e+00
-1.870099702227387528e+00
-1.870326326122510485e+00
-1.870334247457682286e+00
-1.870370823525848269e+00
-1.870421820704974980e+00
-1.870468871775738062e+00
-1.870470737465440569e+00
-1.870478947666813774e+00
-1.870494390323729217e+00
-1.870634574886635315e+00
-1.870638183757832085e+00
-1.870762341526050143e+00
-1.870789148823547965e+00
-1.870815340694707896e+00
-1.870813058679645868e+00
-1.870850664103109962e+00
-1.870851269571156106e+00
-1.870861664410162994e+00
-1.870883903934432047e+00
-1.871067050760094830e+00
-1.871073327089730620e+00
-1.871074698330605246e+00
-1.871113254438506512e+00
-1.871355303713861051e+00
-1.871292330449717323e+00
-1.871327640509847567e+00
-1.871273324212851419e+00
-1.871269484969058761e+00
-1.871271271126349722e+00
-1.871252624783820373e+00
-1.871186318184618891e+00
-1.871191782327539466e+00
-1.870934612512277440e+00
-1.870938931681844108e+00
-1.870961359123253231e+00
-1.870747700456614648e+00
-1.870825240236014597e+00
-1.870691463195342408e+00
-1.870683193299766067e+00
-1.870684947825397071e+00
-1.870651779449657548e+00
-1.870439251701351946e+00
-1.869698205895058640e+00
-1.868688624009154475e+00
-1.868693910364503497e+00
-1.868553289203918499e+00
-1.868759588387350234e+00
-1.868828908009246170e+00
-1.868828663553882219e+00
-1.868829383919843545e+00
-1.868761702023230553e+00
-1.868769531350361390e+00
-1.868975799166895380e+00
-1.869105211196964156e+00
-1.869188223035088248e+00
-1.869227157557787233e+00
-1.869467790827376241e+00
-1.869705650590523627e+00
-1.869828449183342345e+00
-1.870471649483579801e+00
-1.872061740436711252e+00
-1.872820041374862132e+00
-1.873034747954220647e+00
-1.873616794475925218e+00
-1.874292028135873478e+00
-1.874503607449414133e+00
-1.874718539482696844e+00
-1.874721274382893377e+00
-1.874769729441596589e+00
-1.874771340308616141e+00
-1.874832013524657226e+00
-1.874930103270289861e+00
-1.874981909076382625e+00
-1.875001091234930417e+00
-1.875201959263037121e+00
-1.875202046244099918e+00
-1.875217050980468425e+00
-1.875216667180988228e+00
-1.875217233218215984e+00
-1.875218803471531359e+00
-1.875328506246981997e+00
-1.875340643646451921e+00
-1.875368500611779954e+00
-1.875403588751346051e+00
-1.875403703496898444e+00
-1.875406519466991107e+00
-1.875409220229989682e+00
-1.875413203589190836e+00
-1.875535046347254875e+00
-1.875579125818834125e+00
-1.875582821079791351e+00
-1.875582608528351791e+00
-1.875592944083213975e+00
-1.875595666018742502e+00
-1.875606366718597817e+00
-1.875606366720572904e+00
-1.875595666018425645e+00
-1.875592944080513469e+00
-1.875582608514191119e+00
-1.875582821080173268e+00
-1.875579125818601423e+00
-1.875535046323002941e+00
-1.875413203588618405e+00
-1.875407566995257680e+00
-1.875406506144837504e+00
-1.875403703498455421e+00
-1.875403588748016936e+00
-1.875342667092926741e+00
-1.875337641371672248e+00
-1.875328506246868310e+00
-1.875218802604380119e+00
-1.875217233501810243e+00
-1.875053641954680383e+00
-1.875050150537361571e+00
-1.874996809959550426e+00
-1.875000603680396338e+00
-1.875001091235575235e+00
-1.874981909089540100e+00
-1.874930103268460435e+00
-1.874832013520603136e+00
-1.874771340310236400e+00
-1.874769729440131982e+00
-1.874721274377147306e+00
-1.874718539448925192e+00
-1.874503607447284503e+00
-1.874292028073153427e+00
-1.873616794466995028e+00
-1.873032726629460409e+00
-1.872820041367311283e+00
-1.872061740418732301e+00
-1.870471649484636290e+00
-1.869828001683818686e+00
-1.869705650554678522e+00
-1.869467790755891201e+00
-1.869227157558172259e+00
-1.869188223754140843e+00
-1.869105211398655264e+00
-1.868975799183937525e+00
-1.868769531256663896e+00
-1.868761702488796139e+00
-1.868829384200794586e+00
-1.868828126173338378e+00
-1.868828909574128616e+00
-1.868759588139172756e+00
-1.868553052143301141e+00
-1.864478470168662527e+00
-1.867685149018765811e+00
-1.869699046921472041e+00
-1.869985167093146217e+00
-1.870718047012073892e+00
-1.860533656647375800e+00
-1.870683188969715083e+00
-1.870691041601923787e+00
-1.870825179852021236e+00
-1.870747595492088244e+00
-1.870891349629974609e+00
-1.870938908530865863e+00
-1.870934644984353135e+00
-1.871191254353148370e+00
-1.871186297308848667e+00
-1.871251399125833714e+00
-1.871271165849944573e+00
-1.871269477314262186e+00
-1.871273321651119037e+00
-1.871327487957858082e+00
-1.871292331966834643e+00
-1.871355304224453064e+00
-1.871113254432332784e+00
-1.871034723076517192e+00
-1.871073369952907184e+00
-1.871067050743455251e+00
-1.870883903938760362e+00
-1.870861664413660197e+00
-1.870851269571920827e+00
-1.870850664088773208e+00
-1.870813058679659413e+00
-1.870815340702937757e+00
-1.870789148829181681e+00
-1.870762341529421446e+00
-1.870638183759799400e+00
-1.870634574874731504e+00
-1.870494390318768962e+00
-1.870478947665788594e+00
-1.870470737467476274e+00
-1.870468871775515574e+00
-1.870421820704922800e+00
-1.870370823523461290e+00
-1.870334247458163901e+00
-1.870326326120452132e+00
-1.870099702216718507e+00
-1.869686834387220165e+00
-1.869654686583430703e+00
-1.869649280411669556e+00
-1.869448207258931127e+00
-1.869395931182757931e+00
-1.869310605379336021e+00
-1.869235143106719121e+00
-1.869381736779538006e+00
-1.869347973019405584e+00
-1.869024448940717509e+00
-1.869004174188697576e+00
-1.869000311490895294e+00
-1.868903964421673836e+00
-1.868824021078352438e+00
-1.868797463327003472e+00
-1.868315351002014291e+00
-1.867973565751814391e+00
-1.867997018287118394e+00
-1.867881832113603258e+00
-1.867494143949837149e+00
-1.867401919161044033e+00
-1.867224908102536496e+00
-1.867165151423587854e+00
-1.866836699943166256e+00
-1.866147083124684691e+00
-1.866115866044644411e+00
-1.866183866947067393e+00
-1.866077635432356496e+00
-1.865289065825225023e+00
-1.865212206128936678e+00
-1.865159057153795708e+00
-1.865142470595148705e+00
-1.865134253129745234e+00
-1.864654803908596836e+00
-1.864551806701208125e+00
-1.864386728091455669e+00
-1.864383235749338619e+00
-1.864367789904429973e+00
-1.864345373926649119e+00
-1.864322174998613191e+00
-1.864186620248735826e+00
-1.864109826266663550e+00
-1.863663171268735264e+00
-1.863632917320938942e+00
-1.863056662556854093e+00
-1.862813435307546950e+00
-1.862744839299312449e+00
-1.862745748887751907e+00
-1.862813675460630147e+00
-1.862665611633843810e+00
-1.862496162654005083e+00
-1.862449371842827661e+00
-1.862434007755427112e+00
-1.862441305915708334e+00
-1.862371398233368058e+00
-1.861916978525818056e+00
-1.861712896048728583e+00
-1.861830597615602656e+00
-1.861622159803823173e+00
-1.861637593243067101e+00
-1.860721014201975443e+00
-1.860423846635756107e+00
-1.857706425205181144e+00
-1.857363471417900147e+00
-1.857963134963178220e+00
-1.857929073223614669e+00
-1.857815316532593464e+00
-1.857765535748622021e+00
-1.857874883856293291e+00
-1.858014791549832623e+00
-1.858039521047343490e+00
-1.858049938474092500e+00
-1.858071377763681475e+00
-1.858048838403068226e+00
-1.858463637887938669e+00
-1.856973743451538539e+00
-1.858365318415611256e+00
-1.857804534706593458e+00
-1.858430508509695267e+00
-1.860526024073102302e+00
-1.860611784327073304e+00
-1.860528901788650380e+00
-1.860601637782280271e+00
-1.860630481581561302e+00
-1.863974989778105495e+00
-1.858950872745706473e+00
-1.860374628675904418e+00
-1.858308345789138061e+00
-1.862121115655711812e+00
-1.862599672445917065e+00
-1.862702242196222269e+00
-1.862816827810236386e+00
-1.864023024595929279e+00
-1.866011255963970550e+00
-1.866175420255404394e+00
-1.866394460594911431e+00
-1.866840064654593290e+00
-1.867529429048251588e+00
-1.869397310998260231e+00
-1.870016355279343845e+00
-1.870003027177172372e+00
-1.870037561047592778e+00
-1.870305080801271114e+00
-1.870508766734979345e+00
-1.870484561328508599e+00
-1.870472007601962749e+00
-1.870477079941294196e+00
-1.870797379294931950e+00
-1.870015697419104894e+00
-1.869792542680412062e+00
-1.869886387923660465e+00
-1.869596269560564128e+00
-1.869559192949568960e+00
-1.866452376504717403e+00
-1.866440175314703076e+00
-1.866450639996583449e+00
-1.866440003408399662e+00
-1.866442644638072412e+00
-1.867190578948936919e+00
-1.866579549953389927e+00
-1.866917119072539322e+00
-1.866775188059677681e+00
-1.868047113981317731e+00
-1.867563493120516949e+00
-1.867562267240957530e+00
-1.867742188552174332e+00
-1.867742012780877037e+00
-1.867757472623633896e+00
-1.867981056993063493e+00
-1.868215538260541653e+00
-1.867668881147191762e+00
-1.867654889822378594e+00
-1.867654250392471349e+00
-1.867656809405484619e+00
-1.867686863503803973e+00
-1.867690794573867441e+00
-1.867759859096799868e+00
-1.867751034800781529e+00
-1.867776519872944796e+00
-1.868401647426137568e+00
-1.868420774928717165e+00
-1.868466221432078189e+00
-1.868469019590508262e+00
-1.868478865170887016e+00
-1.868479150562487145e+00
-1.868494791933400068e+00
-1.868503830594101522e+00
-1.868501526107477995e+00
-1.868518795094021190e+00
-1.868572052385862214e+00
-1.868423174328185610e+00
-1.868422426094692002e+00
-1.868390836250492182e+00
-1.868207709135994765e+00
-1.868199711264787233e+00
-1.868086612866518781e+00
-1.868068675387785538e+00
-1.868135864850854144e+00
-1.868231374939062439e+00
-1.868233216632557259e+00
-1.868388264526485321e+00
-1.868034766093424892e+00
-1.868034999402605756e+00
-1.868016541466641645e+00
-1.868012884342597602e+00
-1.867937727467034126e+00
-1.867944761226139505e+00
-1.868196495098599197e+00
-1.868207579444045141e+00
-1.868390804206635281e+00
-1.868422426804628111e+00
-1.868423174043122081e+00
-1.868572051645174703e+00
-1.868518795082582340e+00
-1.868501564220642841e+00
-1.868494730450348307e+00
-1.868494791922541642e+00
-1.868479150555206303e+00
-1.868478865167038538e+00
-1.868469019609389825e+00
-1.868466221431011709e+00
-1.868420774930190209e+00
-1.868401647426573442e+00
-1.867776519872911489e+00
-1.867751033889829326e+00
-1.867758031025577248e+00
-1.867690909291128909e+00
-1.867686861541316024e+00
-1.867656817430520810e+00
-1.867654256164691162e+00
-1.867654889826224185e+00
-1.866995430975107340e+00
-1.866995018493484926e+00
-1.866901272727019778e+00
-1.866900532565046511e+00
-1.866904864328793767e+00
-1.866841206653239826e+00
-1.866632071103013990e+00
-1.866753435890253776e+00
-1.866732826617077290e+00
-1.865898568092389187e+00
-1.865934926908101588e+00
-1.865383430287192335e+00
-1.865370498305013225e+00
-1.864980439840022486e+00
-1.864971570068375994e+00
-1.864969678162646805e+00
-1.864961358510067502e+00
-1.864961180788298645e+00
-1.867740486225753838e+00
-1.868171830494609997e+00
-1.868179012286754981e+00
-1.867959994562929715e+00
-1.868017349988017051e+00
-1.867546986068661097e+00
-1.867563908822716279e+00
-1.867557744205008197e+00
-1.867664498759816549e+00
-1.867661309060189678e+00
-1.867467853405727407e+00
-1.867417713434630588e+00
-1.867880878900153085e+00
-1.867301175603186980e+00
-1.866765473260514785e+00
-1.865104500672323695e+00
-1.864597576777454302e+00
-1.864601886852307544e+00
-1.864267434038897386e+00
-1.864360408928242840e+00
-1.863975246186102108e+00
-1.863894761023074498e+00
-1.864071394118949732e+00
-1.864445607943433281e+00
-1.863330207449725773e+00
-1.863281097388558960e+00
-1.861123984167721179e+00
-1.859943821180635837e+00
-1.866723406395808471e+00
-1.864731266190736703e+00
-1.864660099289913386e+00
-1.864654778772298460e+00
-1.864913814861888008e+00
-1.865079516113352209e+00
-1.864137997731230900e+00
-1.864178472193406044e+00
-1.859726244615143909e+00
-1.859305348689430426e+00
-1.859599750255682693e+00
-1.859226212469900164e+00
-1.859234073490487749e+00
-1.859215532568738505e+00
-1.859169231770177122e+00
-1.859324799157703989e+00
-1.859385440022485181e+00
-1.859584341622747328e+00
-1.859967994912778977e+00
-1.860360371483918751e+00
-1.859258178466138167e+00
-1.858794729936326551e+00
-1.859202372495718958e+00
-1.861128811581673981e+00
-1.861242430785724933e+00
-1.861996271530242719e+00
-1.862021586786025029e+00
-1.862158929396871887e+00
-1.862508811776753870e+00
-1.862687955940417250e+00
-1.863159099355519377e+00
-1.863221459112835987e+00
-1.863093549157093465e+00
-1.863186128485509796e+00
-1.863215728735292842e+00
-1.863289121503404200e+00
-1.863428450430364425e+00
-1.863310537258146216e+00
-1.863309476859439373e+00
-1.863346307151358516e+00
-1.863696341678643842e+00
-1.864436160027756140e+00
-1.864458674550552697e+00
-1.864934952694447201e+00
-1.864999595368884711e+00
-1.865080259637888815e+00
-1.865089096615935471e+00
-1.865096552014998021e+00
-1.865140170765408278e+00
-1.865102293018706225e+00
-1.865248276282312379e+00
-1.865321433389607986e+00
-1.865774247277592224e+00
-1.865765194155421636e+00
-1.865779906189176884e+00
-1.865831358154656616e+00
-1.865809716603568535e+00
-1.866734413061710951e+00
-1.865373530880594322e+00
-1.865359704941389918e+00
-1.865404819870133402e+00
-1.865880746756891417e+00
-1.866613020729801509e+00
-1.866737788099081419e+00
-1.867248284287214233e+00
-1.867427150467394048e+00
-1.867832882418279494e+00
-1.868037904607033006e+00
-1.868006311044536183e+00
-1.868392259638285813e+00
-1.868827602397430176e+00
-1.868874200075600012e+00
-1.868990681031514445e+00
-1.869226278515267126e+00
-1.869267568440118765e+00
-1.869357433229965171e+00
-1.869644162614197969e+00
-1.869655065155526596e+00
-1.869723751138109735e+00
-1.869727940403204114e+00
-1.869872753105373819e+00
-1.870011739975378173e+00
-1.870104751030047030e+00
-1.870059612853257835e+00
-1.870116767450451079e+00
-1.870379909511932670e+00
-1.870342741123949271e+00
-1.870334221683317200e+00
-1.870346843860017927e+00
-1.870363667767343863e+00
-1.870388446289048545e+00
-1.870421559147895874e+00
-1.870428921653825682e+00
-1.870446120312033500e+00
-1.870009008278743501e+00
-1.870027177990909895e+00
-1.870399994798203736e+00
-1.869684150616783391e+00
-1.869565031332472538e+00
-1.869576603975472651e+00
-1.869723817948906852e+00
-1.869708928446872198e+00
-1.869776629257530409e+00
-1.869813789333599541e+00
-1.869896980585973534e+00
-1.869900179256218653e+00
-1.869903058120468309e+00
-1.869906247008959355e+00
-1.870146615380020805e+00
-1.870146799173500574e+00
-1.870153184740946717e+00
-1.870154424957973349e+00
-1.870187878142492099e+00
-1.870201773295298908e+00
-1.870277820624078879e+00
-1.870278104033763711e+00
-1.870295954614951572e+00
-1.870321973592943277e+00
-1.870368033539341557e+00
-1.870374392704345023e+00
-1.870519889828142990e+00
-1.870519827388783529e+00
-1.870563778587732484e+00
-1.870563882280621648e+00
-1.870570236791462726e+00
-1.870688431230894677e+00
-1.870687410520313954e+00
-1.870687721972143169e+00
-1.870688676989279653e+00
-1.870703100602647551e+00
-1.870746680595082978e+00
-1.870752587446853799e+00
-1.870756326059277441e+00
-1.870806053654478163e+00
-1.870810551577269720e+00
-1.870810481926628466e+00
-1.870884177366648249e+00
-1.871063090916639249e+00
-1.871556688636895505e+00
-1.871728323037396446e+00
-1.871793414275054968e+00
-1.871943314069476116e+00
-1.872196980089331664e+00
-1.872462997769997806e+00
-1.872899671942259481e+00
-1.874522433916235187e+00
-1.875113777048090569e+00
-1.875267491066904935e+00
-1.876148038461383560e+00
-1.876754120247169144e+00
-1.876942596990404333e+00
-1.877036569109966191e+00
-1.877053156464860262e+00
-1.877090705094849987e+00
-1.877127036178170894e+00
-1.877182142509136398e+00
-1.877254333226637151e+00
-1.877144394838833330e+00
-1.877149236725890624e+00
-1.877174757894792823e+00
-1.877170802074532130e+00
-1.876825246287804116e+00
-1.877198376220298837e+00
-1.877211376118321784e+00
-1.877210534551033483e+00
-1.877240791736031422e+00
-1.877176167549789998e+00
-1.877230963395954966e+00
-1.877238117158547270e+00
-1.877306297275884939e+00
-1.877311438012028155e+00
-1.877308960662940507e+00
-1.877318636869846458e+00
-1.877319296957701500e+00
-1.877320876565247598e+00
-1.877331549555206980e+00
-1.877340586877060069e+00
-1.877350354164717627e+00
-1.877339081313918356e+00
-1.877389179340682279e+00
-1.877389179341280911e+00
-1.877339081299400636e+00
-1.877350354127719223e+00
-1.877340586843052606e+00
-1.877331549552547774e+00
-1.877320876565284458e+00
-1.877319296967592033e+00
-1.877318636869644841e+00
-1.877308777401939688e+00
-1.877310743220086398e+00
-1.877306297276453595e+00
-1.877238117157448150e+00
-1.877185190723267949e+00
-1.877176182451448572e+00
-1.877240792815339843e+00
-1.877210535163232663e+00
-1.877211379958621196e+00
-1.877198388388388040e+00
-1.876824296888298882e+00
-1.877170795734461439e+00
-1.877174752846125561e+00
-1.877149099287980683e+00
-1.877144399287531851e+00
-1.877254333904306183e+00
-1.877182139875217093e+00
-1.877127036784514091e+00
-1.877090685340326637e+00
-1.877053156645022813e+00
-1.877036569026816260e+00
-1.876942597604539298e+00
-1.876754119820239985e+00
-1.876148038465607071e+00
-1.875275273305687218e+00
-1.874615686021418703e+00
-1.874522433795536180e+00
-1.872899671942959365e+00
-1.872462940923316888e+00
-1.872196980090394591e+00
-1.871943314251740320e+00
-1.871793414270384259e+00
-1.871728323036679242e+00
-1.871556688816204295e+00
-1.871063090923864358e+00
-1.870884177366544554e+00
-1.870810481850224249e+00
-1.870810551631994612e+00
-1.870806053654392898e+00
-1.870756326057959384e+00
-1.870752587451339988e+00
-1.870746680595185341e+00
-1.870703100596369906e+00
-1.870688676987189103e+00
-1.870687721972883910e+00
-1.870687410544296103e+00
-1.870660155072260133e+00
-1.870570236805204622e+00
-1.870563882279967949e+00
-1.870563778585893511e+00
-1.870519827413245739e+00
-1.870519889774057365e+00
-1.870374392704340583e+00
-1.870368033539162367e+00
-1.870321973595124421e+00
-1.870295954615183609e+00
-1.870278105816352232e+00
-1.870277820621989884e+00
-1.870201773295331105e+00
-1.870187878142497429e+00
-1.870154424957015005e+00
-1.870153184741012886e+00
-1.870146756574585512e+00
-1.870146615378589505e+00
-1.869906247008766620e+00
-1.869903058120636397e+00
-1.869895547524602852e+00
-1.869896980586097879e+00
-1.869813789334068055e+00
-1.869776629317776440e+00
-1.869708928433753803e+00
-1.869723818001825633e+00
-1.869576603974002937e+00
-1.869565115260751309e+00
-1.869684151722803556e+00
-1.870399993257743088e+00
-1.870027179782390192e+00
-1.870008987306892800e+00
-1.870446117910143924e+00
-1.870428921969896408e+00
-1.870421559343262041e+00
-1.870388446406898275e+00
-1.870363667799165075e+00
-1.870346843885040133e+00
-1.870334002060492384e+00
-1.870342741169220613e+00
-1.870379909799829043e+00
-1.870005037760929634e+00
-1.870059407053296763e+00
-1.870104752369809997e+00
-1.870011743469040866e+00
-1.869872753145888744e+00
-1.869661916496967446e+00
-1.869723751096034281e+00
-1.869655065195439558e+00
-1.869644162613335769e+00
-1.869357433228211907e+00
-1.869267568434008986e+00
-1.869226278516936901e+00
-1.868990681001657883e+00
-1.868874200083550763e+00
-1.868827602397831855e+00
-1.868392259631487695e+00
-1.868006311044629442e+00
-1.868037904598601973e+00
-1.867832882421899487e+00
-1.867427150470607478e+00
-1.867248284371719080e+00
-1.866737788097247108e+00
-1.866613020727245331e+00
-1.865880746852697225e+00
-1.865404819842532147e+00
-1.865359704926854878e+00
-1.865373530880555464e+00
-1.866734413025693762e+00
-1.865809716586034339e+00
-1.865831358120392025e+00
-1.865779901648241923e+00
-1.865765194153521822e+00
-1.865774247382986584e+00
-1.865321433483484892e+00
-1.865055396368175522e+00
-1.865102286588878666e+00
-1.865088360480598340e+00
-1.865096551947091452e+00
-1.865052890481396553e+00
-1.865080259569132703e+00
-1.864999595325074644e+00
-1.864934952712753224e+00
-1.864458674550579786e+00
-1.864436158976633617e+00
-1.863696341664953238e+00
-1.863346307151362513e+00
-1.863309418541626128e+00
-1.863310537258692001e+00
-1.863428450431844352e+00
-1.863289121468595599e+00
-1.863215728736618004e+00
-1.863186128799174890e+00
-1.863093549157971873e+00
-1.863221459083974629e+00
-1.863158974379562682e+00
-1.862687963721361140e+00
-1.862508811602526126e+00
-1.862158928950750303e+00
-1.862021587259309330e+00
-1.861996271593830743e+00
-1.861242430986810525e+00
-1.861505771450740809e+00
-1.859202816902227440e+00
-1.858794141402464017e+00
-1.859254409392629315e+00
-1.860387809882400489e+00
-1.860146640157706477e+00
-1.860118339556098732e+00
-1.859550861161187729e+00
-1.859533731575440552e+00
-1.859360495126095802e+00
-1.859366990107031992e+00
-1.859404717614150382e+00
-1.859404218290447774e+00
-1.859704626537938887e+00
-1.859608512871862462e+00
-1.859810201586350242e+00
-1.864807489555386999e+00
-1.865002477566871431e+00
-1.866014383248992381e+00
-1.859937252602492652e+00
-1.858847746471552487e+00
-1.858858768440067477e+00
-1.858895238309365538e+00
-1.858709849182402341e+00
-1.859012005620655383e+00
-1.859738925542923083e+00
-1.860716528072288156e+00
-1.860224143305888589e+00
-1.860151792267510595e+00
-1.859853750216767132e+00
-1.859788315511282208e+00
-1.860653454184102218e+00
-1.861609181680399239e+00
-1.861047827450386993e+00
-1.861659509440825921e+00
-1.860749919217385084e+00
-1.860907048593198887e+00
-1.861472363610978453e+00
-1.860023490970790672e+00
-1.859881352971566093e+00
-1.859640625275277959e+00
-1.860610847239890120e+00
-1.860701777448144245e+00
-1.860755818965628583e+00
-1.860725606050767755e+00
-1.860732231474221399e+00
-1.860723547270467293e+00
-1.861367971355762707e+00
-1.861411739134666066e+00
-1.861738339158916400e+00
-1.861746617253626113e+00
-1.861784983961746187e+00
-1.861808982590765549e+00
-1.861813429387507934e+00
-1.861813084062116097e+00
-1.861827082429716285e+00
-1.861828689611315202e+00
-1.862002087097855529e+00
-1.862002865139331886e+00
-1.861976642155901640e+00
-1.862033163906965161e+00
-1.862194175132125151e+00
-1.862261890227101535e+00
-1.862258659681280903e+00
-1.862368743945230776e+00
-1.862365163384186229e+00
-1.862366337383777992e+00
-1.862503502705108893e+00
-1.862622516111366977e+00
-1.862626743708556631e+00
-1.862939910432791724e+00
-1.862946409005957982e+00
-1.862947469737962658e+00
-1.862951608840639484e+00
-1.863066998863718293e+00
-1.863194313164755922e+00
-1.863195781389795913e+00
-1.863238403478380212e+00
-1.863401577978058166e+00
-1.863422487751813073e+00
-1.863478956834881073e+00
-1.863481710231977839e+00
-1.863483440382642575e+00
-1.863498201078994221e+00
-1.863576178684387408e+00
-1.863583998590081059e+00
-1.863586875211794558e+00
-1.863587372829783817e+00
-1.863598186846787907e+00
-1.863710665587776649e+00
-1.863714168271537908e+00
-1.863714846872784214e+00
-1.863709522930357299e+00
-1.863783374920558344e+00
-1.863785914943391075e+00
-1.863785548103688905e+00
-1.863806007016195698e+00
-1.863824985896886055e+00
-1.863852059362734570e+00
-1.863849833379357168e+00
