0.000000000000000000e+00
1.160543403366931514e-02
9.991109693581523565e-03
3.320778236107790882e-02
8.642068451557509690e-01
4.109778250338413930e-02
4.333891999264394279e-02
2.537153495338195786e-02
2.770018274948160553e-02
1.090765706375455002e-01
3.851979418387732057e-01
3.138197632181846108e-01
8.314665211917121601e-01
9.713500098507865665e-01
9.532194965450857538e-02
8.176699974735588405e-01
4.212813147702276773e-03
4.017066128454649387e-03
1.762895163311650748e-02
7.246353736298949411e-02
2.688926358513288317e-01
8.492821134990807819e-01
9.915584371520922424e-01
2.129488540303781097e-02
9.058275149027315010e-01
9.991092038007157727e-01
7.775367481829609240e-03
9.898703550512401028e-01
6.080171805714074118e-03
6.101766857445101166e-01
3.350950075949236107e-01
3.348474857761845058e-01
7.366493917359095978e-02
4.167163713271526682e-02
1.215069332850238215e-02
9.903499314294016420e-01
2.808586316821160001e-02
9.806997468250280292e-01
5.881645242460313838e-01
9.475595206610403221e-01
1.235303331338504229e-01
9.848459748196547459e-02
3.355531588687793443e-01
9.523050854258303666e-01
9.036016819718726278e-01
9.987923016390197750e-01
4.025940586166121271e-03
6.406802889425730063e-01
9.771851209740863853e-01
1.274009424573319116e-01
1.171668265721549362e-01
6.136784858476667104e-01
2.135040258408963387e-01
1.546593186503986139e-02
4.686230470027854533e-01
1.745625600145992440e-01
4.711186539403666718e-03
5.748108684925146150e-03
1.206284790283865815e-01
2.024008365333309634e-01
7.803503741605349875e-02
3.685392614301869485e-01
3.420171836882395233e-01
2.909449369854646417e-01
4.913960849151727261e-02
5.302834040078474587e-02
4.574424056679163852e-01
9.007472365210877907e-03
2.148275797700271994e-02
2.272630549866266891e-01
7.509006507118515250e-02
3.670176927022233970e-01
3.727521652853068024e-01
1.622546860757617671e-01
3.776203634067957782e-01
7.459335114521403742e-02
7.561078528564642021e-01
9.304229189754441576e-01
9.571130149071283011e-02
2.386566037281973029e-02
3.986094166428205132e-01
9.119682352359925748e-02
6.336210313715695541e-02
6.917000236923853684e-02
9.945112075272360963e-01
0.000000000000000000e+00
0.000000000000000000e+00
0.000000000000000000e+00
0.000000000000000000e+00
0.000000000000000000e+00
0.000000000000000000e+00
0.000000000000000000e+00
0.000000000000000000e+00
0.000000000000000000e+00
0.000000000000000000e+00
0.000000000000000000e+00
0.000000000000000000e+00
0.000000000000000000e+00
0.000000000000000000e+00
0.000000000000000000e+00
0.000000000000000000e+00
0.000000000000000000e+00
0.000000000000000000e+00
0.000000000000000000e+00
0.000000000000000000e+00
0.000000000000000000e+00
0.000000000000000000e+00
0.000000000000000000e+00
0.000000000000000000e+00
0.000000000000000000e+00
0.000000000000000000e+00
0.000000000000000000e+00
0.000000000000000000e+00
0.000000000000000000e+00
0.000000000000000000e+00
0.000000000000000000e+00
0.000000000000000000e+00
0.000000000000000000e+00
0.000000000000000000e+00
0.000000000000000000e+00
0.000000000000000000e+00
0.000000000000000000e+00
0.000000000000000000e+00
0.000000000000000000e+00
0.000000000000000000e+00
0.000000000000000000e+00
0.000000000000000000e+00
0.000000000000000000e+00
0.000000000000000000e+00
0.000000000000000000e+00
0.000000000000000000e+00
0.000000000000000000e+00
0.000000000000000000e+00
0.000000000000000000e+00
0.000000000000000000e+00
0.000000000000000000e+00
0.000000000000000000e+00
0.000000000000000000e+00
0.000000000000000000e+00
0.000000000000000000e+00
0.000000000000000000e+00
0.000000000000000000e+00
0.000000000000000000e+00
0.000000000000000000e+00
0.000000000000000000e+00
0.000000000000000000e+00
0.000000000000000000e+00
0.000000000000000000e+00
0.000000000000000000e+00
0.000000000000000000e+00
0.000000000000000000e+00
0.000000000000000000e+00
0.000000000000000000e+00
0.000000000000000000e+00
0.000000000000000000e+00
0.000000000000000000e+00
0.000000000000000000e+00
0.000000000000000000e+00
0.000000000000000000e+00
0.000000000000000000e+00
0.000000000000000000e+00
0.000000000000000000e+00
0.000000000000000000e+00
0.000000000000000000e+00
0.000000000000000000e+00
0.000000000000000000e+00
0.000000000000000000e+00
0.000000000000000000e+00
0.000000000000000000e+00
0.000000000000000000e+00
0.000000000000000000e+00
0.000000000000000000e+00
0.000000000000000000e+00
0.000000000000000000e+00
0.000000000000000000e+00
0.000000000000000000e+00
0.000000000000000000e+00
0.000000000000000000e+00
0.000000000000000000e+00
0.000000000000000000e+00
0.000000000000000000e+00
0.000000000000000000e+00
0.000000000000000000e+00
0.000000000000000000e+00
0.000000000000000000e+00
0.000000000000000000e+00
0.000000000000000000e+00
0.000000000000000000e+00
0.000000000000000000e+00
0.000000000000000000e+00
0.000000000000000000e+00
0.000000000000000000e+00
0.000000000000000000e+00
0.000000000000000000e+00
0.000000000000000000e+00
0.000000000000000000e+00
0.000000000000000000e+00
0.000000000000000000e+00
0.000000000000000000e+00
0.000000000000000000e+00
0.000000000000000000e+00
0.000000000000000000e+00
0.000000000000000000e+00
0.000000000000000000e+00
0.000000000000000000e+00
0.000000000000000000e+00
0.000000000000000000e+00
0.000000000000000000e+00
0.000000000000000000e+00
0.000000000000000000e+00
0.000000000000000000e+00
0.000000000000000000e+00
0.000000000000000000e+00
0.000000000000000000e+00
0.000000000000000000e+00
0.000000000000000000e+00
0.000000000000000000e+00
0.000000000000000000e+00
0.000000000000000000e+00
0.000000000000000000e+00
0.000000000000000000e+00
0.000000000000000000e+00
0.000000000000000000e+00
0.000000000000000000e+00
0.000000000000000000e+00
0.000000000000000000e+00
0.000000000000000000e+00
0.000000000000000000e+00
0.000000000000000000e+00
0.000000000000000000e+00
0.000000000000000000e+00
0.000000000000000000e+00
0.000000000000000000e+00
0.000000000000000000e+00
0.000000000000000000e+00
0.000000000000000000e+00
0.000000000000000000e+00
0.000000000000000000e+00
0.000000000000000000e+00
0.000000000000000000e+00
0.000000000000000000e+00
0.000000000000000000e+00
0.000000000000000000e+00
0.000000000000000000e+00
0.000000000000000000e+00
0.000000000000000000e+00
0.000000000000000000e+00
0.000000000000000000e+00
0.000000000000000000e+00
0.000000000000000000e+00
0.000000000000000000e+00
0.000000000000000000e+00
0.000000000000000000e+00
0.000000000000000000e+00
0.000000000000000000e+00
0.000000000000000000e+00
