-1.422201208086976365e+00
-1.422346145231247361e+00
-1.422388482641080643e+00
-1.422405806526404692e+00
-1.424248657839493060e+00
-1.424310612945872911e+00
-1.424652788754183330e+00
-1.424796329289676144e+00
-1.424932599386377063e+00
-1.424941195064049371e+00
-1.451392341989232504e+00
-1.462266408012342422e+00
-1.462824323167145391e+00
-1.461790089913650892e+00
-1.461798751022748810e+00
-1.464695619662226944e+00
-1.462082290044484756e+00
-1.462211158579741266e+00
-1.462284952941366623e+00
-1.462599886035284014e+00
-1.463134120857449760e+00
-1.463186477866527335e+00
-1.463511762482776701e+00
-1.463513195494846375e+00
-1.463581096494534606e+00
-1.464263746601773386e+00
-1.463884477571555154e+00
-1.464241128033882289e+00
-1.464007088717905081e+00
-1.465981573666823801e+00
-1.465983021783669349e+00
-1.466263701713175216e+00
-1.467062970786448428e+00
-1.468190278892656186e+00
-1.469293772315878766e+00
-1.470456792327467621e+00
-1.470767285151193926e+00
-1.471977531279363927e+00
-1.471906978475570948e+00
-1.472723567736333727e+00
-1.477936756651349715e+00
-1.477951227725504468e+00
-1.478440018721332239e+00
-1.478322944686359275e+00
-1.477940744548154939e+00
-1.477987114664913726e+00
-1.478083809165329221e+00
-1.478055623456291379e+00
-1.478579392123207104e+00
-1.479730356115550594e+00
-1.491656361935319364e+00
-1.493255289060253066e+00
-1.577279623620230664e+00
-1.681930055265814961e+00
-1.681936844503920003e+00
-1.681931842292088142e+00
-1.682790714710872049e+00
-1.685533116953473742e+00
-1.694665027557956893e+00
-1.695064094382551900e+00
-1.695898213781304786e+00
-1.702413868497180793e+00
-1.701936131537489683e+00
-1.706184369523442879e+00
-1.707217629663529301e+00
-1.719783025136831789e+00
-1.720037762003308046e+00
-1.720218187691163081e+00
-1.720598761376453290e+00
-1.721779565041240856e+00
-1.738107948649982859e+00
-1.750845546939081565e+00
-1.750993663978348769e+00
-1.750966696543734713e+00
-1.751120333356815717e+00
-1.752110626880148292e+00
-1.770993781455805216e+00
-1.771014076987704078e+00
-1.771021634690949309e+00
-1.771021661776037481e+00
-1.772496269482143560e+00
-1.827616164843679947e+00
-1.828326522368089790e+00
-1.830959467337429647e+00
-1.836581275976835181e+00
-1.840261957139849747e+00
-1.840365027651371665e+00
-1.840687750398431355e+00
-1.840551549219555882e+00
-1.840390435597619279e+00
-1.840384081099258218e+00
-1.840528555625173812e+00
-1.840601783719318263e+00
-1.840550969994549924e+00
-1.840562551164924177e+00
-1.841542190315325067e+00
-1.841678418074306878e+00
-1.850259109170935279e+00
-1.850775485241997753e+00
-1.853795334814279716e+00
-1.853415758706875804e+00
-1.853655331423121666e+00
-1.853705353178707993e+00
-1.854157777936955354e+00
-1.853557444118000941e+00
-1.853580086347637490e+00
-1.853819993488130757e+00
-1.853794260287363160e+00
-1.853886347914310395e+00
-1.853923608654702848e+00
-1.854314180934705014e+00
-1.854620578814742737e+00
-1.854811666492192090e+00
-1.854637221648730794e+00
-1.854630366750412040e+00
-1.854704387419513267e+00
-1.855023070085998871e+00
-1.855441330713657910e+00
-1.855460412719834196e+00
-1.855748653331817266e+00
-1.855910364042936633e+00
-1.856103444504856759e+00
-1.856123499951129574e+00
-1.855787392774791433e+00
-1.855454588882279765e+00
-1.855393546013226924e+00
-1.855371997077973623e+00
-1.855486292124657544e+00
-1.855047276876710116e+00
-1.854918955365847832e+00
-1.854963173447468971e+00
-1.855007700147413452e+00
-1.854768759031310221e+00
-1.855315663974043350e+00
-1.855885396845806667e+00
-1.855804513921497811e+00
-1.855832067665655893e+00
-1.857613735486787876e+00
-1.857792085334041721e+00
-1.857554166914770155e+00
-1.857751898132236512e+00
-1.857837390527655508e+00
-1.858306902721033271e+00
-1.858752112948159896e+00
-1.858728730239583182e+00
-1.859102945580932253e+00
-1.859565228425550165e+00
-1.859632811443377776e+00
-1.859651008502441361e+00
-1.859814128064950278e+00
-1.859812515666347199e+00
-1.859863706179426535e+00
-1.860071394200933037e+00
-1.860100543561163278e+00
-1.860113897712008635e+00
-1.860042541982009690e+00
-1.860064706418477876e+00
-1.860488327441372380e+00
-1.860654109324374916e+00
-1.860646934298725963e+00
-1.860639709216654669e+00
-1.860792872116680652e+00
-1.860864320399979288e+00
-1.860864287119701199e+00
-1.860914734292766992e+00
-1.861046852828127651e+00
-1.861105955898239905e+00
-1.860674031548741780e+00
-1.860717663555164547e+00
-1.860712444108634900e+00
-1.860831583339606965e+00
-1.860831325461664409e+00
-1.860930153228561812e+00
-1.860494137903295986e+00
-1.860474390643370945e+00
-1.860333278898184339e+00
-1.860182039155569012e+00
-1.860176313056623787e+00
-1.860220000150464514e+00
-1.860263539285963663e+00
-1.860336441975764421e+00
-1.860330771830672081e+00
-1.860349646626744846e+00
-1.860350929509317686e+00
-1.860623173729482049e+00
-1.860635955286359611e+00
-1.860631254112192101e+00
-1.860631288937159011e+00
-1.860631804096603670e+00
-1.860587594836114356e+00
-1.860662431691514573e+00
-1.859917176108625281e+00
-1.859956325271852728e+00
-1.859958968707310145e+00
-1.859684311910640320e+00
-1.859884926101662117e+00
-1.860019864356547092e+00
-1.860032890985035658e+00
-1.860207973765965139e+00
-1.860214897018373392e+00
-1.860262465685783351e+00
-1.860290722246422224e+00
-1.860359677119852950e+00
-1.860382438999687693e+00
-1.857560035901508311e+00
-1.857453046866286428e+00
-1.857469776141042139e+00
-1.857462267982504578e+00
-1.858347667724509211e+00
-1.858387548686920132e+00
-1.858382014779897951e+00
-1.858382869465851517e+00
-1.858387895866747908e+00
-1.858528730679218421e+00
-1.859011471194205178e+00
-1.859087618421618959e+00
-1.859202813063661974e+00
-1.859462350473827019e+00
-1.859617635742064401e+00
-1.859816217467977761e+00
-1.860663835504672736e+00
-1.862970774058260837e+00
-1.863524673084509864e+00
-1.863706559190299927e+00
-1.864663870777942822e+00
-1.865455654265532059e+00
-1.865744857867379203e+00
-1.866039154626062846e+00
-1.865984458599024620e+00
-1.866012836858349289e+00
-1.864584657421238800e+00
-1.865173485698944589e+00
-1.865223298750437353e+00
-1.865261646776980919e+00
-1.865282121490574152e+00
-1.865248575156777777e+00
-1.865252764788567719e+00
-1.865329530214319798e+00
-1.865113856910798118e+00
-1.864935349431661393e+00
-1.864955870545237371e+00
-1.865034652442253194e+00
-1.865046416290716991e+00
-1.865046105318734604e+00
-1.865038462491921400e+00
-1.865092009775146664e+00
-1.865045254526074281e+00
-1.865089102764976303e+00
-1.865112443289991706e+00
-1.865233443855582429e+00
-1.865064104027576830e+00
-1.865021100414707478e+00
-1.865173616782082711e+00
-1.865191123435782306e+00
-1.865196698656343965e+00
-1.865079893634028485e+00
-1.865079893634022490e+00
-1.865196698656304886e+00
-1.865191123435790743e+00
-1.865173616782086263e+00
-1.865021100414707922e+00
-1.865064104027573944e+00
-1.865233443855549567e+00
-1.865112443290013466e+00
-1.865089111835581237e+00
-1.865045256192806367e+00
-1.865092009775147108e+00
-1.865038462491918292e+00
-1.865046233277210863e+00
-1.865046416290714770e+00
-1.865034652442253194e+00
-1.864955870545237815e+00
-1.864939559265322622e+00
-1.865178810833022283e+00
-1.865329530214335341e+00
-1.865252764788568829e+00
-1.865248486024719154e+00
-1.865282121490556166e+00
-1.865261646776864346e+00
-1.865223298750603664e+00
-1.865173485698947919e+00
-1.864584657421295422e+00
-1.866012836858377710e+00
-1.865984458599021512e+00
-1.866039154626081498e+00
-1.865744857867367656e+00
-1.865455654265544494e+00
-1.864663870777954369e+00
-1.863706559190283940e+00
-1.863524673084512084e+00
-1.862970774058257950e+00
-1.860663835504666297e+00
-1.859816353790226362e+00
-1.859617635742066621e+00
-1.859462350473827241e+00
-1.859202813063643323e+00
-1.859087618421593646e+00
-1.859011471194222498e+00
-1.858528730679224417e+00
-1.858387895866742134e+00
-1.858382870520416397e+00
-1.858382014779996316e+00
-1.858387548686789348e+00
-1.858347667724364216e+00
-1.857462267982579629e+00
-1.857469776141087880e+00
-1.857453046866452073e+00
-1.857560035901274720e+00
-1.860382438999673038e+00
-1.860359677119926891e+00
-1.860290722246421558e+00
-1.860262465685766697e+00
-1.860232496191363438e+00
-1.860207973765927836e+00
-1.860032890985060972e+00
-1.860019864356547981e+00
-1.859884926101640357e+00
-1.859684015425293380e+00
-1.859958968707372984e+00
-1.859956325271852062e+00
-1.859917175189842231e+00
-1.860662431691516350e+00
-1.860587594836114134e+00
-1.860640566053578526e+00
-1.860631293106674855e+00
-1.860631254112228294e+00
-1.860635960024952906e+00
-1.860623173729480273e+00
-1.860350929509316353e+00
-1.860349646626745734e+00
-1.860325788278784698e+00
-1.860336441975782851e+00
-1.860263539285958112e+00
-1.860220000150476727e+00
-1.860176313056625785e+00
-1.860182039155573230e+00
-1.860333278898184783e+00
-1.860532873257283004e+00
-1.860494137903292877e+00
-1.860930153228604000e+00
-1.860831325461588470e+00
-1.860831583339633388e+00
-1.860712444108636898e+00
-1.860717663555166768e+00
-1.860674031548742668e+00
-1.861105955898239461e+00
-1.861046852828126319e+00
-1.860914734292764772e+00
-1.860864287119705640e+00
-1.860864320399974403e+00
-1.860792872116616703e+00
-1.860639740866073311e+00
-1.860693716185859437e+00
-1.860654109324328509e+00
-1.860488327441371714e+00
-1.860064706418477432e+00
-1.860042541982010578e+00
-1.860113897711990205e+00
-1.860100543561193032e+00
-1.860071394200918160e+00
-1.859863706179409437e+00
-1.859812515666274590e+00
-1.859814128064951166e+00
-1.859651008502442693e+00
-1.859632811443377109e+00
-1.859565228425549055e+00
-1.859102945580939803e+00
-1.858728730239597837e+00
-1.858752112948121038e+00
-1.858306902721037934e+00
-1.857837390527653287e+00
-1.857751898132236734e+00
-1.857554166914768601e+00
-1.857792085334085019e+00
-1.857613735486520312e+00
-1.855832067665722951e+00
-1.855804513921721410e+00
-1.855885396846034929e+00
-1.855315663974455909e+00
-1.854768759031942382e+00
-1.855007700147414340e+00
-1.854963173447473412e+00
-1.854918955365840283e+00
-1.855047276876814699e+00
-1.855486292124327585e+00
-1.855372051649811116e+00
-1.855393546013226702e+00
-1.855454588882279765e+00
-1.855787392774788547e+00
-1.856123499951132239e+00
-1.856103444504854760e+00
-1.855910364042935523e+00
-1.855748653331818154e+00
-1.855460412719801333e+00
-1.855441330713575754e+00
-1.855023070086030623e+00
-1.854907355450255091e+00
-1.854630459621784855e+00
-1.854637221648734791e+00
-1.854811666492187650e+00
-1.854620578814736298e+00
-1.854314180934705902e+00
-1.853923608654703514e+00
-1.853886347914322386e+00
-1.853794260287344953e+00
-1.853819993488150075e+00
-1.853580086347634825e+00
-1.853557444117961861e+00
-1.854157777936993101e+00
-1.853705353178634940e+00
-1.853655331423258446e+00
-1.853415758706890681e+00
-1.853795334814260176e+00
-1.850775485241993312e+00
-1.850259109170927729e+00
-1.850786608116204768e+00
-1.850369718932790342e+00
-1.849899805847638579e+00
-1.849815466568345501e+00
-1.849841178199898239e+00
-1.849760572528725167e+00
-1.850199826028470218e+00
-1.849988073331082061e+00
-1.851121153749208048e+00
-1.851343065705499669e+00
-1.851630239180461768e+00
-1.851796723429679492e+00
-1.852382733984143659e+00
-1.859542676251099591e+00
-1.849350092469728146e+00
-1.849997283368499001e+00
-1.850185046940911127e+00
-1.850099982871513449e+00
-1.850099967225637521e+00
-1.850108860580102377e+00
-1.852227555029105188e+00
-1.851968568468827847e+00
-1.852937422560148040e+00
-1.854579120478527798e+00
-1.847912161775698836e+00
-1.848895023512178604e+00
-1.848308274995209555e+00
-1.848941353629420359e+00
-1.847811597072358758e+00
-1.848294702867109951e+00
-1.848858894966362021e+00
-1.849710939482487548e+00
-1.849627428097606163e+00
-1.849961709181509706e+00
-1.853574427572178829e+00
-1.852759995331338061e+00
-1.852424834586000379e+00
-1.852326695771495890e+00
-1.852989160559077586e+00
-1.852259024821962807e+00
-1.853521902407063049e+00
-1.851697245652204948e+00
-1.851737881299281741e+00
-1.852929990447270692e+00
-1.848762988351855263e+00
-1.848779403242107211e+00
-1.847681996030598128e+00
-1.847864079822160832e+00
-1.847772425858444034e+00
-1.847925596229338607e+00
-1.847927148966662880e+00
-1.847917380243910390e+00
-1.848189651103572917e+00
-1.847893055782446003e+00
-1.848242806018786766e+00
-1.849381247035011278e+00
-1.849354431051972725e+00
-1.849196728293184266e+00
-1.849303995399562250e+00
-1.848680366067303238e+00
-1.848493733556960450e+00
-1.849447723666482135e+00
-1.848659822166223154e+00
-1.849178282400117279e+00
-1.849162547559419334e+00
-1.849235552576220298e+00
-1.848600015934585450e+00
-1.847778827358440346e+00
-1.848638733594856198e+00
-1.848714316335583474e+00
-1.847577574423933111e+00
-1.847849111549595191e+00
-1.847705221036356704e+00
-1.847624207312787981e+00
-1.847707397242253524e+00
-1.848806756343512880e+00
-1.849153766554012979e+00
-1.849218180406015044e+00
-1.849244940926215497e+00
-1.849313912654766856e+00
-1.849472041739089967e+00
-1.849734404692648493e+00
-1.849727242965166552e+00
-1.849720257599548612e+00
-1.849634994019752510e+00
-1.849717717351521573e+00
-1.849844137628076091e+00
-1.849752047730842897e+00
-1.849809853558163075e+00
-1.849826958868634463e+00
-1.850148320220092568e+00
-1.850168589764128679e+00
-1.850140181726360522e+00
-1.850219715958719258e+00
-1.850183344189204160e+00
-1.850284762999361066e+00
-1.850191777537718352e+00
-1.849321137395121051e+00
-1.849386930758186942e+00
-1.849369011347887115e+00
-1.849407262940101049e+00
-1.849336364894066387e+00
-1.849351892732935099e+00
-1.849325841635114154e+00
-1.849129744206026604e+00
-1.849127865533406245e+00
-1.849096261610860603e+00
-1.849189397741762608e+00
-1.849101276859453247e+00
-1.848981668960048230e+00
-1.849033724569915993e+00
-1.849040328238118036e+00
-1.849042412422376547e+00
-1.848856179760923313e+00
-1.848820455459580181e+00
-1.848602615743272448e+00
-1.848498303830403255e+00
-1.848405694717439651e+00
-1.848174105168685966e+00
-1.848317821885845147e+00
-1.848085187235837479e+00
-1.848187589451865342e+00
-1.848335045057607262e+00
-1.848263745465462016e+00
-1.847967289326585938e+00
-1.847964248899447215e+00
-1.848312993006123950e+00
-1.850700856917557147e+00
-1.851716071060938384e+00
-1.851302814663040142e+00
-1.850782402281751171e+00
-1.850838972227661916e+00
-1.850719026670316625e+00
-1.850291321316766879e+00
-1.850446159796737655e+00
-1.851148277438364520e+00
-1.850868158997714952e+00
-1.851292535493769265e+00
-1.851153809540389883e+00
-1.851591217052077409e+00
-1.850815711784778994e+00
-1.851245887164439274e+00
-1.850667720249740800e+00
-1.850538637676219178e+00
-1.850448337521819475e+00
-1.850356954315821145e+00
-1.851252391011806608e+00
-1.851201181385246031e+00
-1.852159712583023143e+00
-1.852162288761868059e+00
-1.854639912672520818e+00
-1.854098614459274597e+00
-1.854087045921315013e+00
-1.855081917300686056e+00
-1.854957877043003744e+00
-1.855278098559904887e+00
-1.854400446171897476e+00
-1.854673409765354553e+00
-1.855014464720820877e+00
-1.855191196904694362e+00
-1.854048037931739223e+00
-1.853465691523307424e+00
-1.853949572122029821e+00
-1.853437785844015862e+00
-1.853138918437548632e+00
-1.852495207046504833e+00
-1.852075928615446010e+00
-1.851736446964622029e+00
-1.852621025504792351e+00
-1.850933998160155802e+00
-1.856795967706454498e+00
-1.855087005868065742e+00
-1.854759885543765252e+00
-1.856805723986031387e+00
-1.855151956593076967e+00
-1.854925890403844591e+00
-1.854925802022935999e+00
-1.854959913161065455e+00
-1.854621089242129539e+00
-1.855609478426526016e+00
-1.864517605953667223e+00
-1.858608670780548255e+00
-1.858178531326994953e+00
-1.858544228165512013e+00
-1.858232976743323217e+00
-1.858155667468634586e+00
-1.857374435430410031e+00
-1.857615820460352118e+00
-1.857326189270903871e+00
-1.857369427364738090e+00
-1.857644208858003854e+00
-1.857419771969196276e+00
-1.857640517409777647e+00
-1.859054868042887998e+00
-1.858268314580443059e+00
-1.858622066715829746e+00
-1.858859328912241482e+00
-1.859140542439413180e+00
-1.860263660874743152e+00
-1.860174900398805509e+00
-1.860229785491343879e+00
-1.860353074290421294e+00
-1.860406568096863555e+00
-1.861860067443885658e+00
-1.862038229624752628e+00
-1.862159957244135633e+00
-1.862170085575497236e+00
-1.862326128896902855e+00
-1.862316201315121322e+00
-1.862665185354847264e+00
-1.862394535058395917e+00
-1.862391515979394896e+00
-1.862394646844453883e+00
-1.862616859051588136e+00
-1.863161084468560880e+00
-1.863209740936950132e+00
-1.863615283134844702e+00
-1.861338226384994909e+00
-1.861279183709434459e+00
-1.861044813825271316e+00
-1.860577408492825047e+00
-1.860251149602559328e+00
-1.860318747038413711e+00
-1.860430569239111209e+00
-1.860433697997585512e+00
-1.860899366023110346e+00
-1.860977928823024596e+00
-1.861718799245266398e+00
-1.861719919455125716e+00
-1.861800401487353929e+00
-1.862916143206458042e+00
-1.863130325135075926e+00
-1.863170325477387035e+00
-1.863251836535630535e+00
-1.864077592581995901e+00
-1.864346907183342061e+00
-1.864225578056375898e+00
-1.864284333204790034e+00
-1.864263957692186890e+00
-1.864688451466527397e+00
-1.864748529640264385e+00
-1.864859215313446228e+00
-1.865222846951250180e+00
-1.865958555061191237e+00
-1.865979572436798239e+00
-1.865930638786184925e+00
-1.866108561195055415e+00
-1.866149348529634322e+00
-1.866190535495092506e+00
-1.866467985913795369e+00
-1.866465865856346440e+00
-1.866507537549491058e+00
-1.866292954201459908e+00
-1.866272576319253140e+00
-1.866384771396870645e+00
-1.866501668003381909e+00
-1.866536370468511841e+00
-1.866537109507013792e+00
-1.866563016222981375e+00
-1.866785366101326060e+00
-1.866851872116423783e+00
-1.866648918167082005e+00
-1.866501454023629103e+00
-1.866512912726863371e+00
-1.866134858492423554e+00
-1.866177490914397552e+00
-1.866207037906875144e+00
-1.866297534417046933e+00
-1.866297444625797164e+00
-1.866479502841429827e+00
-1.866513344306917066e+00
-1.866493806540904243e+00
-1.866458392021784762e+00
-1.866408180725559030e+00
-1.860127501913389381e+00
-1.860182502418558537e+00
-1.860242192636721192e+00
-1.860197333338768022e+00
-1.860109232501232057e+00
-1.860197124216161457e+00
-1.860247646882327910e+00
-1.860345219318898735e+00
-1.860355526717384356e+00
-1.860312873703008574e+00
-1.860315063822894466e+00
-1.860312617236491217e+00
-1.860317889140785219e+00
-1.860306882943170814e+00
-1.860306884783229808e+00
-1.860360893834539953e+00
-1.860422267630083226e+00
-1.860356874005676175e+00
-1.860374140716849256e+00
-1.860369668538827792e+00
-1.860370913030378937e+00
-1.860458266761086943e+00
-1.860494614173844763e+00
-1.860624907755739077e+00
-1.860713325073630964e+00
-1.860778490410921915e+00
-1.860598142832219581e+00
-1.860856075867999948e+00
-1.860370077150861778e+00
-1.861258785497840407e+00
-1.860761248789556399e+00
-1.860773666237732549e+00
-1.860801390655870247e+00
-1.860805599667252341e+00
-1.860807759930701577e+00
-1.860837304001107029e+00
-1.860890217115928280e+00
-1.861559715842443730e+00
-1.860706846415407067e+00
-1.860736943486432260e+00
-1.861175451816489801e+00
-1.861223056198186399e+00
-1.861070755316976966e+00
-1.862197227712801162e+00
-1.863779065720808203e+00
-1.862800248858528462e+00
-1.862962475499411408e+00
-1.863662262236939648e+00
-1.864259413122481668e+00
-1.863045338022047304e+00
-1.863175308987588430e+00
-1.863190444077018393e+00
-1.863201550527862516e+00
-1.863249538096299673e+00
-1.863337151582036277e+00
-1.863350421519580635e+00
-1.863436155534658800e+00
-1.863442646913146650e+00
-1.863424775688903079e+00
-1.863425452774542190e+00
-1.863427799597829893e+00
-1.863205803217290235e+00
-1.863206459214594712e+00
-1.863220290946845159e+00
-1.863237673683802997e+00
-1.863426108347746801e+00
-1.863411079271341197e+00
-1.863416776544465581e+00
-1.863505558333062861e+00
-1.863484639577304147e+00
-1.863486840717607951e+00
-1.863492969687300382e+00
-1.863397401001259279e+00
-1.863401975777444708e+00
-1.863187475458258469e+00
-1.863093541100874884e+00
-1.863162820185128687e+00
-1.863132522152858073e+00
-1.862953481668791156e+00
-1.862953481668788269e+00
-1.863132522152861403e+00
-1.863162820185130242e+00
-1.863093541100872885e+00
-1.863187475458260689e+00
-1.863401975777443154e+00
-1.863397401001260834e+00
-1.863492969687299050e+00
-1.863486635902962263e+00
-1.863484641473184711e+00
-1.863505558333064638e+00
-1.863416776544441156e+00
-1.863410982931465565e+00
-1.863426108347747245e+00
-1.863237673683803219e+00
-1.863220290946844271e+00
-1.863206459214593380e+00
-1.863250626563154988e+00
-1.863427799597864531e+00
-1.863429481561515555e+00
-1.863424781615007131e+00
-1.863442646913156642e+00
-1.863436155534668348e+00
-1.863350363761780759e+00
-1.863337151581894169e+00
-1.863249538096312552e+00
-1.863201550527864070e+00
-1.863190444077021946e+00
-1.863175308987594647e+00
-1.863045338022050856e+00
-1.864259413122482556e+00
-1.863662262236935208e+00
-1.862962475499416071e+00
-1.862800248858527574e+00
-1.863779065720805983e+00
-1.862197227712806047e+00
-1.861070844542648484e+00
-1.861223056198188397e+00
-1.861175451816487136e+00
-1.860736943486432704e+00
-1.860706846415408844e+00
-1.861559715842442841e+00
-1.860890217115929168e+00
-1.860837304001105030e+00
-1.860807774654022362e+00
-1.860805599667256782e+00
-1.860801390655835608e+00
-1.860773666237784285e+00
-1.860761248789557953e+00
-1.861258785497791113e+00
-1.860370077150967028e+00
-1.860856075868053239e+00
-1.860598142832219359e+00
-1.860778490410933461e+00
-1.860713325073647617e+00
-1.860624907755739743e+00
-1.860494614173830996e+00
-1.860458266761086055e+00
-1.860370913030385598e+00
-1.860369668538825128e+00
-1.860374140716843039e+00
-1.860356874005687722e+00
-1.860422267630080562e+00
-1.860360893834540397e+00
-1.860306884182904463e+00
-1.860306882943165929e+00
-1.860317889140784775e+00
-1.860312617236485666e+00
-1.860315073348944415e+00
-1.860312873703014569e+00
-1.860350880102501492e+00
-1.860345219318831678e+00
-1.860247646882297712e+00
-1.860197124216163678e+00
-1.860109677224243363e+00
-1.860197333338768244e+00
-1.860242192636718972e+00
-1.860182502418562311e+00
-1.860127501913405368e+00
-1.866408180725648069e+00
-1.866458392021803414e+00
-1.866533155934302801e+00
-1.866513344306775624e+00
-1.866479502841430715e+00
-1.866297444625711677e+00
-1.866297534417123538e+00
-1.866207037906861599e+00
-1.866177490914397108e+00
-1.866134858492423554e+00
-1.866512912726861373e+00
-1.866501454023628437e+00
-1.866648918167080229e+00
-1.866853457479529244e+00
-1.866785366101217924e+00
-1.866563016222982485e+00
-1.866537109507008019e+00
-1.866536370468513617e+00
-1.866501668003384129e+00
-1.866384771396869091e+00
-1.866272576319242038e+00
-1.866292954201469678e+00
-1.866507537549430662e+00
-1.866465865856343775e+00
-1.866467985913805583e+00
-1.866190535495099834e+00
-1.866149348529633212e+00
-1.866108561195055415e+00
-1.865930638786185591e+00
-1.865979572436797351e+00
-1.865958555061184576e+00
-1.865222436603890088e+00
-1.864859215313450003e+00
-1.864748529640261943e+00
-1.864688451466531394e+00
-1.864263957692188889e+00
-1.864284333204790922e+00
-1.864225578056372346e+00
-1.864346907183345170e+00
-1.864077592581993459e+00
-1.863251836535629646e+00
-1.863170325477382372e+00
-1.863130325135079257e+00
-1.862916143206456709e+00
-1.861800401487257783e+00
-1.861719919455226524e+00
-1.861718799245138278e+00
-1.860977928823022598e+00
-1.860899366024582946e+00
-1.860433651162647362e+00
-1.860430569238816112e+00
-1.860318747038415266e+00
-1.860251149602557774e+00
-1.860577408492825491e+00
-1.861121610923257563e+00
-1.861274642395101209e+00
-1.861338226384632089e+00
-1.863615283134838707e+00
-1.863209740936949022e+00
-1.863161084468559991e+00
-1.862616859051607898e+00
-1.862394646844437895e+00
-1.862391857489791303e+00
-1.862394535058397471e+00
-1.862665185354848152e+00
-1.862316201315118436e+00
-1.862326128896899302e+00
-1.862170085575496348e+00
-1.862159957244134745e+00
-1.862038229624753072e+00
-1.861860067443883437e+00
-1.860406568096862667e+00
-1.860353074290403974e+00
-1.860229785491425147e+00
-1.860174900398771314e+00
-1.860263660874680092e+00
-1.859140542439413624e+00
-1.858859328912240372e+00
-1.858622066715831300e+00
-1.858268314580443503e+00
-1.859054868042886444e+00
-1.857485575346686346e+00
-1.857301898970051379e+00
-1.857149291810578529e+00
-1.857142457998140816e+00
-1.857098988833361108e+00
-1.856926165065945877e+00
-1.856880159267906505e+00
-1.857764823322422876e+00
-1.857980678309471001e+00
-1.857900027708733859e+00
-1.857889328532390083e+00
-1.858060712844882723e+00
-1.863282119970502304e+00
-1.855000550182190455e+00
-1.855029161412999006e+00
-1.855303273170854306e+00
-1.855329200848682358e+00
-1.855324461027270999e+00
-1.855528162386903324e+00
-1.849203443787677870e+00
-1.849863753818080658e+00
-1.851722480860616526e+00
-1.853616680588777044e+00
-1.852969555635397114e+00
-1.854917380045345787e+00
-1.854962072590236932e+00
-1.855287789425973388e+00
-1.855124665788192795e+00
-1.855672811527346866e+00
-1.855808475924606071e+00
-1.855787260729769184e+00
-1.856112349580117282e+00
-1.856401324669316732e+00
-1.858080096363999845e+00
-1.859566138488792486e+00
-1.859950766121945875e+00
-1.860142270131858178e+00
-1.860125502934434127e+00
-1.860325622085974961e+00
-1.860628465958178213e+00
-1.860133997533595540e+00
-1.860133749452945739e+00
-1.860399716758547095e+00
-1.859670217365247069e+00
-1.857810077444786323e+00
-1.859182520724244725e+00
-1.858363151580106898e+00
-1.858462845308689104e+00
-1.857364279352600844e+00
-1.857256157661184570e+00
-1.857351435582686783e+00
-1.857390709539536999e+00
-1.857317235946449152e+00
-1.858044946780864404e+00
-1.857570088927326557e+00
-1.857760401487529078e+00
-1.858074593759087234e+00
-1.858285106205385562e+00
-1.857590357652576518e+00
-1.857360672383519873e+00
-1.857171455088633127e+00
-1.856170819181877096e+00
-1.856327065326084824e+00
-1.856536731681310393e+00
-1.854551054608096328e+00
-1.853945975056935369e+00
-1.853788843232992090e+00
-1.853786275170239195e+00
-1.853787533986419600e+00
-1.855128894431908648e+00
-1.855257851335654795e+00
-1.854768899487944989e+00
-1.854765295853047835e+00
-1.855205969525683951e+00
-1.853818411457245130e+00
-1.853904197397141296e+00
-1.853927135258644610e+00
-1.853939244257361896e+00
-1.853944479915066834e+00
-1.853967844158143308e+00
-1.854036850800925063e+00
-1.854126103455035812e+00
-1.854411470393031447e+00
-1.854229344824647185e+00
-1.854100780533863180e+00
-1.854175040788152540e+00
-1.854037543932609555e+00
-1.854049559900275534e+00
-1.854064627148667821e+00
-1.854352790586704991e+00
-1.854355313426834684e+00
-1.854357973087818134e+00
-1.854530294769264120e+00
-1.854708517525665457e+00
-1.854590783951991728e+00
-1.854526632230308447e+00
