0.000000000000000000e+00
6.647935671823305137e-01
6.160651988551535396e-10
1.555120776987384268e-03
3.990224450545096779e-01
2.449145362196764042e-02
1.521721092326078217e-02
2.708784878624470593e-07
3.753599546740815640e-07
1.943010717986304314e-06
5.102886799335237811e-06
2.357268735098116963e-04
1.586193075997499591e-06
4.032020929356505690e-07
9.231339870963140015e-06
7.273605716540232358e-03
2.691107559016359119e-08
5.012174686402914858e-08
1.974085338529718570e-07
5.651087369162866025e-07
1.858308179958356732e-05
2.491332545453417424e-04
3.484767494343898875e-05
1.979440167443335952e-06
1.733847451810266449e-04
4.127650266705362725e-05
6.579818279117688462e-08
8.862875766624256357e-08
1.773868015808588439e-07
4.021817577593012061e-05
7.215602226828821131e-09
2.634467175621768575e-05
1.834001366463056115e-05
1.007528756491460342e-05
8.088834502206765364e-08
7.352355532352916612e-05
5.197467368711627955e-07
6.349440908826053942e-05
5.116936309423891771e-05
7.873468639507663624e-06
1.232647842464018595e-06
1.225999758280860163e-05
3.839297687080467369e-05
2.977276696747299667e-05
7.594735412141950803e-05
4.814136982389527475e-06
9.921151868930166984e-07
2.128026684034001192e-05
8.868415132567974979e-05
4.727093637191259745e-06
8.022351465786226044e-05
3.393286601705014505e-07
3.488651147884880288e-04
7.054714203266698735e-02
5.020223085951958097e-04
1.752534816590323175e-05
5.289443315897868203e-05
8.641384831581389037e-05
6.546275653271593775e-03
1.173676108137899909e-03
1.672299372146301977e-06
6.353439701368590597e-03
1.677868287913081291e-02
8.707949941568082775e-02
2.863176205801343244e-03
1.680065227538662942e-02
1.680580017788407821e-01
2.014003070599340584e-02
9.916138152168962883e-04
1.381797980665733228e-04
7.414673508718550021e-03
4.547550751163409455e-02
1.229486859241530339e-01
1.111932567024548346e-02
8.685419558837115250e-03
2.423555930619603060e-05
2.088976240187706557e-02
3.974031743192441013e-05
3.762750333469030203e-03
5.517995467014713551e-02
1.910471650011458244e-03
5.016887997023448259e-02
2.580337639425445140e-03
6.704099886845460432e-02
6.322505159264024677e-03
6.529911869800786306e-03
1.036474682537935621e-02
8.051275308673666586e-07
1.376942941727743452e-03
9.440006071626205753e-03
1.307258513238984676e-04
3.546127524592934677e-04
9.618372822443044257e-04
1.345713749767440959e-06
1.407365645519909059e-03
1.463363642096682238e-02
5.128585681935415863e-03
2.340733985722627253e-01
0.000000000000000000e+00
0.000000000000000000e+00
0.000000000000000000e+00
0.000000000000000000e+00
0.000000000000000000e+00
0.000000000000000000e+00
0.000000000000000000e+00
0.000000000000000000e+00
0.000000000000000000e+00
0.000000000000000000e+00
0.000000000000000000e+00
0.000000000000000000e+00
0.000000000000000000e+00
0.000000000000000000e+00
0.000000000000000000e+00
0.000000000000000000e+00
0.000000000000000000e+00
0.000000000000000000e+00
0.000000000000000000e+00
0.000000000000000000e+00
0.000000000000000000e+00
0.000000000000000000e+00
0.000000000000000000e+00
0.000000000000000000e+00
0.000000000000000000e+00
0.000000000000000000e+00
0.000000000000000000e+00
0.000000000000000000e+00
0.000000000000000000e+00
0.000000000000000000e+00
0.000000000000000000e+00
0.000000000000000000e+00
0.000000000000000000e+00
0.000000000000000000e+00
0.000000000000000000e+00
0.000000000000000000e+00
0.000000000000000000e+00
0.000000000000000000e+00
0.000000000000000000e+00
0.000000000000000000e+00
0.000000000000000000e+00
0.000000000000000000e+00
0.000000000000000000e+00
0.000000000000000000e+00
0.000000000000000000e+00
0.000000000000000000e+00
0.000000000000000000e+00
0.000000000000000000e+00
0.000000000000000000e+00
0.000000000000000000e+00
0.000000000000000000e+00
0.000000000000000000e+00
0.000000000000000000e+00
0.000000000000000000e+00
0.000000000000000000e+00
0.000000000000000000e+00
0.000000000000000000e+00
0.000000000000000000e+00
0.000000000000000000e+00
0.000000000000000000e+00
0.000000000000000000e+00
0.000000000000000000e+00
0.000000000000000000e+00
0.000000000000000000e+00
0.000000000000000000e+00
0.000000000000000000e+00
0.000000000000000000e+00
0.000000000000000000e+00
0.000000000000000000e+00
0.000000000000000000e+00
0.000000000000000000e+00
0.000000000000000000e+00
0.000000000000000000e+00
0.000000000000000000e+00
0.000000000000000000e+00
0.000000000000000000e+00
0.000000000000000000e+00
0.000000000000000000e+00
0.000000000000000000e+00
0.000000000000000000e+00
0.000000000000000000e+00
0.000000000000000000e+00
0.000000000000000000e+00
0.000000000000000000e+00
0.000000000000000000e+00
0.000000000000000000e+00
0.000000000000000000e+00
0.000000000000000000e+00
0.000000000000000000e+00
0.000000000000000000e+00
0.000000000000000000e+00
0.000000000000000000e+00
0.000000000000000000e+00
0.000000000000000000e+00
0.000000000000000000e+00
0.000000000000000000e+00
0.000000000000000000e+00
0.000000000000000000e+00
0.000000000000000000e+00
0.000000000000000000e+00
0.000000000000000000e+00
0.000000000000000000e+00
0.000000000000000000e+00
0.000000000000000000e+00
0.000000000000000000e+00
0.000000000000000000e+00
0.000000000000000000e+00
0.000000000000000000e+00
0.000000000000000000e+00
0.000000000000000000e+00
0.000000000000000000e+00
0.000000000000000000e+00
0.000000000000000000e+00
0.000000000000000000e+00
0.000000000000000000e+00
0.000000000000000000e+00
0.000000000000000000e+00
0.000000000000000000e+00
0.000000000000000000e+00
0.000000000000000000e+00
0.000000000000000000e+00
0.000000000000000000e+00
0.000000000000000000e+00
0.000000000000000000e+00
0.000000000000000000e+00
0.000000000000000000e+00
0.000000000000000000e+00
0.000000000000000000e+00
0.000000000000000000e+00
0.000000000000000000e+00
0.000000000000000000e+00
0.000000000000000000e+00
0.000000000000000000e+00
0.000000000000000000e+00
0.000000000000000000e+00
0.000000000000000000e+00
0.000000000000000000e+00
0.000000000000000000e+00
0.000000000000000000e+00
0.000000000000000000e+00
0.000000000000000000e+00
0.000000000000000000e+00
0.000000000000000000e+00
0.000000000000000000e+00
0.000000000000000000e+00
0.000000000000000000e+00
0.000000000000000000e+00
0.000000000000000000e+00
0.000000000000000000e+00
0.000000000000000000e+00
0.000000000000000000e+00
0.000000000000000000e+00
0.000000000000000000e+00
0.000000000000000000e+00
0.000000000000000000e+00
0.000000000000000000e+00
0.000000000000000000e+00
0.000000000000000000e+00
