-1.422201208086976365e+00
-1.422347238588771878e+00
-1.422394131144658846e+00
-1.422413690961255472e+00
-1.424249559565659240e+00
-1.425413672862956505e+00
-1.425732909671961979e+00
-1.426551695082117321e+00
-1.426678940149451069e+00
-1.426705211439937893e+00
-1.453001670653773836e+00
-1.463374108672127250e+00
-1.463915190507494968e+00
-1.463978108985119597e+00
-1.463888154312667833e+00
-1.467326549558106485e+00
-1.467717257843632606e+00
-1.467876237212055512e+00
-1.467970422220891358e+00
-1.468197306400145230e+00
-1.468694222365147128e+00
-1.468815292930730099e+00
-1.469219151058406503e+00
-1.469311578445457789e+00
-1.469278846277240369e+00
-1.469865907858008303e+00
-1.470114005379863586e+00
-1.470298089518735862e+00
-1.470772459437062141e+00
-1.473086997046770819e+00
-1.473114268426396034e+00
-1.473390914810950303e+00
-1.474022853362051855e+00
-1.475133368483179108e+00
-1.475557583743384749e+00
-1.476616197978446454e+00
-1.476905669847581981e+00
-1.478139062987042562e+00
-1.478217185812360057e+00
-1.478916345576292368e+00
-1.484299919846683968e+00
-1.484322039706408525e+00
-1.484886574881493004e+00
-1.484900663506959262e+00
-1.485140188984813259e+00
-1.485319602260589456e+00
-1.485488537255830188e+00
-1.485682862509189128e+00
-1.486173406473770608e+00
-1.487535910586710752e+00
-1.499969878714314309e+00
-1.501552679013426150e+00
-1.581285253269075763e+00
-1.684318718482925359e+00
-1.684319692095235022e+00
-1.684358396994341200e+00
-1.685271242321171759e+00
-1.687855239094810944e+00
-1.696727663545963827e+00
-1.697174081764053266e+00
-1.698061547455384179e+00
-1.704647582511597648e+00
-1.706188835085518551e+00
-1.710555634114587331e+00
-1.711618989220809350e+00
-1.723727981226377270e+00
-1.723993828281121576e+00
-1.724125826940138495e+00
-1.724456154661407226e+00
-1.725754341200481212e+00
-1.743276492715439385e+00
-1.755318379828888053e+00
-1.755436882274695076e+00
-1.759528021909271267e+00
-1.759741870890900950e+00
-1.760020485158614534e+00
-1.776994139612617207e+00
-1.777164194641738693e+00
-1.777296451741122496e+00
-1.777316497224995739e+00
-1.777264065348308275e+00
-1.829115153133167304e+00
-1.816441942859661207e+00
-1.821040773725831396e+00
-1.835486380305970444e+00
-1.835898409197954662e+00
-1.835800284275691974e+00
-1.833836429472640805e+00
-1.834237988041529155e+00
-1.833684226073540202e+00
-1.833819210561194568e+00
-1.834921511758372148e+00
-1.834224671771055082e+00
-1.834272817728264560e+00
-1.834423880493996517e+00
-1.834611025667243434e+00
-1.834754743756722650e+00
-1.843808391841012639e+00
-1.844210911401083841e+00
-1.847026536836229083e+00
-1.847235706517453613e+00
-1.847489512996550953e+00
-1.847472376360278279e+00
-1.847961176248569704e+00
-1.848305911946031665e+00
-1.848330596661456493e+00
-1.848952143557789363e+00
-1.848801779004389800e+00
-1.848540280725783802e+00
-1.848497039486778126e+00
-1.849742200817965587e+00
-1.850324263964106430e+00
-1.850527463284595608e+00
-1.850426019334584504e+00
-1.850424890602620387e+00
-1.850612996609650507e+00
-1.850928081631785682e+00
-1.851760259672625253e+00
-1.851791099175962074e+00
-1.852302027181256694e+00
-1.852836672992463463e+00
-1.853151878154793319e+00
-1.853183178919457497e+00
-1.853229665627779799e+00
-1.853236803040192004e+00
-1.853237925560536015e+00
-1.853356261530447746e+00
-1.853529143306111848e+00
-1.853823579712090996e+00
-1.853817555633209713e+00
-1.853839077333004681e+00
-1.853895844823301609e+00
-1.853913754354637344e+00
-1.855212436909641216e+00
-1.855454156144147548e+00
-1.855499326940277971e+00
-1.855538979510877429e+00
-1.859067492162613355e+00
-1.859345377295649415e+00
-1.859362606059684397e+00
-1.859784635772093742e+00
-1.859796461433732784e+00
-1.860166548248013196e+00
-1.860151037973579946e+00
-1.860124784334538317e+00
-1.860441063384697502e+00
-1.860758404962855828e+00
-1.860824211397396066e+00
-1.860889728907081153e+00
-1.860995770816144645e+00
-1.860999573377937866e+00
-1.861030129203069983e+00
-1.861056265483308048e+00
-1.861152358296961129e+00
-1.861191585879546473e+00
-1.861220582971763626e+00
-1.861222044888354965e+00
-1.861329251269020268e+00
-1.861592860313149966e+00
-1.861593799782802261e+00
-1.861599819120757449e+00
-1.861748369243818590e+00
-1.861844048521936301e+00
-1.861869308190175820e+00
-1.861946363253816905e+00
-1.861952545017052874e+00
-1.861974559667783025e+00
-1.861981691922829807e+00
-1.861989596177297646e+00
-1.862011476264665344e+00
-1.862132796713651395e+00
-1.862147912748116863e+00
-1.862196341592898152e+00
-1.862228310849836310e+00
-1.862247251569258744e+00
-1.862264509238579446e+00
-1.862285167253157070e+00
-1.862294296565949692e+00
-1.862296431148303011e+00
-1.862338251114137311e+00
-1.862512728160363285e+00
-1.862512388452817857e+00
-1.862512468418699552e+00
-1.862494071308784971e+00
-1.862663345815547267e+00
-1.862708181408009978e+00
-1.862713930564911635e+00
-1.862713854344093312e+00
-1.862730463369747458e+00
-1.862730569561864780e+00
-1.862759776196167394e+00
-1.862760023858423430e+00
-1.862791882589179160e+00
-1.862811487322973747e+00
-1.862811545011386460e+00
-1.862897062857626018e+00
-1.863002211313920409e+00
-1.863018796227396079e+00
-1.863117989933692487e+00
-1.862931698967936534e+00
-1.862935801861498319e+00
-1.862951073701507809e+00
-1.863250825175583270e+00
-1.863254136499628011e+00
-1.863263252116288404e+00
-1.863278236227416951e+00
-1.863311007960133381e+00
-1.863340707757318304e+00
-1.863346583677238266e+00
-1.863371394907783252e+00
-1.863371331860900870e+00
-1.863371361543106675e+00
-1.863377533913890272e+00
-1.863628439322757568e+00
-1.864910362772312702e+00
-1.865051848248338695e+00
-1.865149207313785418e+00
-1.865490853729862675e+00
-1.866124040156365016e+00
-1.866396598001949680e+00
-1.867166527934057463e+00
-1.869118629455389202e+00
-1.869646529295246218e+00
-1.869635449394645654e+00
-1.870651727505241002e+00
-1.871079077896470766e+00
-1.871255510580731585e+00
-1.871568859058574175e+00
-1.871594042136513592e+00
-1.871597512173679867e+00
-1.871693488709301301e+00
-1.871727347134997554e+00
-1.871817185202825584e+00
-1.871820294768230752e+00
-1.871838672986349872e+00
-1.871854217809719945e+00
-1.871845963977869065e+00
-1.871849416475159344e+00
-1.871849315011777204e+00
-1.871851557135646660e+00
-1.871852428330980533e+00
-1.871863226078719578e+00
-1.871882249811628984e+00
-1.872020534014399828e+00
-1.872024503204059220e+00
-1.872022834246537482e+00
-1.872026303928441493e+00
-1.872027297835341830e+00
-1.872033721621079394e+00
-1.872038699283572027e+00
-1.872086965547564485e+00
-1.872091188440610843e+00
-1.872107827193656204e+00
-1.872134954350298308e+00
-1.872138884855408580e+00
-1.872168525857145438e+00
-1.872168525857167420e+00
-1.872138884856179075e+00
-1.872134954352494551e+00
-1.872107827204597896e+00
-1.872091188440482057e+00
-1.872086965547417048e+00
-1.872038699264504169e+00
-1.872033721620710800e+00
-1.872027297834176096e+00
-1.872024044119845021e+00
-1.872022833980250267e+00
-1.872024501614506953e+00
-1.871887952599371685e+00
-1.871882249810177923e+00
-1.871863226077530973e+00
-1.871851857525133056e+00
-1.871851557135560284e+00
-1.871849337591445561e+00
-1.871849416474964167e+00
-1.871845963977864624e+00
-1.871838181185139005e+00
-1.871838672984654783e+00
-1.871820294770129678e+00
-1.871817185202933054e+00
-1.871727347137424502e+00
-1.871693488707613096e+00
-1.871597512173083677e+00
-1.871594042136443869e+00
-1.871568859057936685e+00
-1.871255510611985251e+00
-1.871079077402059365e+00
-1.870651727506469353e+00
-1.869636548025133571e+00
-1.869182949770943347e+00
-1.869118629979791724e+00
-1.867166527933071363e+00
-1.866240274965385249e+00
-1.866124040062020928e+00
-1.865490853729857568e+00
-1.865149207315230040e+00
-1.865051848248210797e+00
-1.864910362898133167e+00
-1.863628439335997200e+00
-1.863377533895478555e+00
-1.863371361380776747e+00
-1.863371331782806450e+00
-1.863371394907650025e+00
-1.863346583679740931e+00
-1.863340707696299337e+00
-1.863311007960225751e+00
-1.863278236223978368e+00
-1.863263252114165436e+00
-1.863254136499684632e+00
-1.863250825153270451e+00
-1.862951073674479652e+00
-1.862935801860759355e+00
-1.862931698969746641e+00
-1.863117992522798305e+00
-1.863018796079795703e+00
-1.863002211070515557e+00
-1.862897062765686895e+00
-1.862811528548905526e+00
-1.862792333778318099e+00
-1.862791882567089718e+00
-1.862760023878935911e+00
-1.862759776242094212e+00
-1.862730569561646066e+00
-1.862730463361441213e+00
-1.862713863968344707e+00
-1.862713930595677247e+00
-1.862708187878540977e+00
-1.862663345815193106e+00
-1.862494071307360999e+00
-1.862494838413757847e+00
-1.862512387602396569e+00
-1.862512728160401032e+00
-1.862338251098569319e+00
-1.862296431148193765e+00
-1.862294296577025943e+00
-1.862285167253701523e+00
-1.862264509238000798e+00
-1.862247251567774153e+00
-1.862228310852326318e+00
-1.862196341584966497e+00
-1.862147912749257062e+00
-1.862132796726560624e+00
-1.862011476265982957e+00
-1.861989596177565653e+00
-1.861981691922780291e+00
-1.861974559664729467e+00
-1.861952545019334826e+00
-1.861946363253622838e+00
-1.861869308190293948e+00
-1.861844048520285178e+00
-1.861748369236312151e+00
-1.861599819120364208e+00
-1.861593799781461112e+00
-1.861592860317611065e+00
-1.861329251259364437e+00
-1.861222044879418336e+00
-1.861220582971657489e+00
-1.861191585884971023e+00
-1.861152358295082632e+00
-1.861056265483804761e+00
-1.861030129198345762e+00
-1.860999573374747751e+00
-1.860995770816447514e+00
-1.860889728930446907e+00
-1.860824211396854055e+00
-1.860758404957700618e+00
-1.860441063385017912e+00
-1.860124784298980316e+00
-1.860151037965176446e+00
-1.860166548057366143e+00
-1.859796461433059989e+00
-1.859784635750266979e+00
-1.859362606054706379e+00
-1.859345377304097324e+00
-1.859067492156234680e+00
-1.855538978394929650e+00
-1.855499326979283659e+00
-1.855454156140512234e+00
-1.855212436918060703e+00
-1.853913754289242766e+00
-1.853895844855290242e+00
-1.853839077329672458e+00
-1.853817555543239459e+00
-1.853823577770830067e+00
-1.853529143307199201e+00
-1.853543086183486288e+00
-1.853521308736453488e+00
-1.853554551806166240e+00
-1.853643640437168560e+00
-1.853616488408727170e+00
-1.853642473799751000e+00
-1.853686357375312177e+00
-1.853543087716996940e+00
-1.853519619294366372e+00
-1.853614587332964359e+00
-1.853612181842648532e+00
-1.853594773402110985e+00
-1.853633744862452248e+00
-1.853709960285440328e+00
-1.853823194778935424e+00
-1.854007893873400814e+00
-1.854244899989894169e+00
-1.854496792900439894e+00
-1.854663036820125122e+00
-1.854782892046244136e+00
-1.855039370896048867e+00
-1.855030413061786065e+00
-1.855132251759032069e+00
-1.855302633687058833e+00
-1.855329125321124373e+00
-1.855405842499584956e+00
-1.855296392182582910e+00
-1.855298630282320671e+00
-1.855173662356948583e+00
-1.855508978451774871e+00
-1.855766766850006411e+00
-1.853926743542113620e+00
-1.853985227196264018e+00
-1.853839867910091588e+00
-1.853955387822140199e+00
-1.854185742629295142e+00
-1.854828449480069086e+00
-1.854997914857725583e+00
-1.855066295786407915e+00
-1.855146497727482302e+00
-1.855391395823901668e+00
-1.855587475825330568e+00
-1.856907252106739348e+00
-1.855773595836327505e+00
-1.861423920157436740e+00
-1.854105685386279845e+00
-1.854522045160633237e+00
-1.854459124775560408e+00
-1.854473523844507143e+00
-1.854452689522888331e+00
-1.856048761962430405e+00
-1.856327134188898054e+00
-1.858645989979798019e+00
-1.858944961831922260e+00
-1.859239294957048871e+00
-1.859574940593124337e+00
-1.859318400731209575e+00
-1.858998584789435249e+00
-1.859378360387649698e+00
-1.859759103402218505e+00
-1.859861722698152864e+00
-1.859792320510564645e+00
-1.859748043308648846e+00
-1.860159704752361698e+00
-1.863104953195950930e+00
-1.861287206742914924e+00
-1.860948880414534212e+00
-1.861014940867121048e+00
-1.861548187855109004e+00
-1.861647128148956387e+00
-1.861579593101708063e+00
-1.861588397323399757e+00
-1.861581544725984472e+00
-1.863718106863809787e+00
-1.861035810994684070e+00
-1.860024970536749311e+00
-1.861109346711769863e+00
-1.860621173315283094e+00
-1.860735492767279897e+00
-1.860481579306049849e+00
-1.860483970696232392e+00
-1.860485072391984573e+00
-1.860669589308854732e+00
-1.860653753182794468e+00
-1.860818150529198522e+00
-1.860814828395803922e+00
-1.860908092382002277e+00
-1.860914544681548044e+00
-1.860963217174242068e+00
-1.861103320999862198e+00
-1.861045410665970845e+00
-1.861112815317167213e+00
-1.861069044005653872e+00
-1.861220748678850123e+00
-1.861260031135647530e+00
-1.861320685562689592e+00
-1.861380136324878531e+00
-1.861883554395853846e+00
-1.861874967503770684e+00
-1.861860930174341178e+00
-1.861860805422991483e+00
-1.861884303668374985e+00
-1.861984904882578062e+00
-1.861929612702141856e+00
-1.861967000848077980e+00
-1.862186792922873035e+00
-1.862423860059411407e+00
-1.862450303103214022e+00
-1.862461477417422628e+00
-1.862469521593822286e+00
-1.862563974610094597e+00
-1.862645273450958650e+00
-1.862645235599878379e+00
-1.862650654696866859e+00
-1.862746052530939833e+00
-1.862806254476522927e+00
-1.862850321595633130e+00
-1.862836801120400843e+00
-1.862836081003754529e+00
-1.862856088415126621e+00
-1.862984605762471713e+00
-1.862983368164245368e+00
-1.862963951427767828e+00
-1.863031622868642101e+00
-1.862991709484893121e+00
-1.863046526921067425e+00
-1.863066091363279275e+00
-1.862711515717540678e+00
-1.862687720672050684e+00
-1.862646510459436744e+00
-1.862640296623419012e+00
-1.862629423878103374e+00
-1.862634749436353765e+00
-1.862625479457540978e+00
-1.862580658499490394e+00
-1.862574486065004198e+00
-1.862572874183856531e+00
-1.862579259707445534e+00
-1.862286415421336327e+00
-1.862166272121889676e+00
-1.862162045202014227e+00
-1.862156734122356383e+00
-1.862156916340437007e+00
-1.862093149010744408e+00
-1.862070582436437194e+00
-1.862041910354116814e+00
-1.862016657048397583e+00
-1.861923003905582963e+00
-1.861827204810597713e+00
-1.861614969788860208e+00
-1.861559331997344025e+00
-1.861550603370735413e+00
-1.861554099008900565e+00
-1.861550737014608714e+00
-1.861534525770842885e+00
-1.861532114420297646e+00
-1.861523153888930526e+00
-1.859690494079245582e+00
-1.859729556133416839e+00
-1.859696456108769880e+00
-1.859625855971442698e+00
-1.859384589845626268e+00
-1.859450704912866570e+00
-1.859319114438175102e+00
-1.859605087068457507e+00
-1.859390947299727426e+00
-1.859344843302213057e+00
-1.859376954422967687e+00
-1.859270962452096665e+00
-1.859393832420293879e+00
-1.859212804081461279e+00
-1.859248950799833988e+00
-1.859251584943889313e+00
-1.859215719177876203e+00
-1.859201324054466031e+00
-1.859173228818762791e+00
-1.859539793084725723e+00
-1.859347294497028180e+00
-1.856256660092021393e+00
-1.857410483703007875e+00
-1.855152901739330895e+00
-1.855174601706876647e+00
-1.855181530053730210e+00
-1.855657770360035208e+00
-1.855692270843689373e+00
-1.855810945676323431e+00
-1.855606724581988942e+00
-1.856018101207341342e+00
-1.856487510172596611e+00
-1.859742567256272183e+00
-1.859576629574023698e+00
-1.859042926568775567e+00
-1.859502399462838129e+00
-1.859892138645902193e+00
-1.860139298621432236e+00
-1.860242542809243727e+00
-1.860291475539765704e+00
-1.860463272365747045e+00
-1.861157474755463337e+00
-1.860841147749724200e+00
-1.860753046217126672e+00
-1.861094542305620436e+00
-1.859196603420605332e+00
-1.858862735418268297e+00
-1.855801114867318802e+00
-1.855820790571202306e+00
-1.855822238061608953e+00
-1.855985616900837520e+00
-1.855768250067859393e+00
-1.864937694789517098e+00
-1.862422660682951703e+00
-1.863672210227022230e+00
-1.864463693821227341e+00
-1.864311286880039775e+00
-1.863854978677865759e+00
-1.863957932130070994e+00
-1.864205592749423879e+00
-1.864289681455420844e+00
-1.863427121528883568e+00
-1.863377782111874659e+00
-1.863548374766091698e+00
-1.864079477753286529e+00
-1.865147620758155655e+00
-1.867554612427726468e+00
-1.867239464434613305e+00
-1.867093643438849648e+00
-1.867431814689276326e+00
-1.867430231378726102e+00
-1.867845379422230057e+00
-1.867860662774697422e+00
-1.867940015643943186e+00
-1.867969968258255786e+00
-1.867989442703240854e+00
-1.868259212500538391e+00
-1.867962523268271280e+00
-1.867785157487249048e+00
-1.867681946224930112e+00
-1.867728359260595550e+00
-1.867935441823056930e+00
-1.867827474028899148e+00
-1.867709932117658234e+00
-1.867691082487901610e+00
-1.867694950417708721e+00
-1.867726908598565494e+00
-1.867763753854514874e+00
-1.867709190335251179e+00
-1.867906216332250846e+00
-1.868005454237827934e+00
-1.867944492302775483e+00
-1.867913185450075231e+00
-1.867944921319532714e+00
-1.868008486893969256e+00
-1.868009914957828865e+00
-1.868019420699705391e+00
-1.868009284393306713e+00
-1.868661930338197497e+00
-1.868656213630844221e+00
-1.868685556044002327e+00
-1.868761492399781510e+00
-1.868818659516864766e+00
-1.869875471988451165e+00
-1.870084406370778218e+00
-1.870011652471043728e+00
-1.870039741865834548e+00
-1.870858339500724554e+00
-1.871094480942983473e+00
-1.871133431520547674e+00
-1.871424491418048675e+00
-1.871437761202563888e+00
-1.871731253952565233e+00
-1.871791082649330029e+00
-1.871763604501909484e+00
-1.872065352023919438e+00
-1.872556980225011936e+00
-1.872571159972681976e+00
-1.872659850337618614e+00
-1.872798484753582571e+00
-1.872854165848648389e+00
-1.872816681204554357e+00
-1.873125968321750268e+00
-1.873158868703086011e+00
-1.873174735498605914e+00
-1.873184316306466091e+00
-1.873289256496401212e+00
-1.873422926782024378e+00
-1.873630752963710400e+00
-1.873632053567423350e+00
-1.873639146228968322e+00
-1.873929128448689641e+00
-1.874059670427482338e+00
-1.874065542166959863e+00
-1.874109200053218238e+00
-1.874131548409158965e+00
-1.874168075843525072e+00
-1.874169867739295947e+00
-1.874174522593383685e+00
-1.874180061005008557e+00
-1.874260917330430321e+00
-1.874266257759641396e+00
-1.874336104882481369e+00
-1.874372555999472389e+00
-1.874359761436469540e+00
-1.874386243730266077e+00
-1.874412344081946680e+00
-1.874426628426320018e+00
-1.874431724821464584e+00
-1.874456268628371891e+00
-1.874365534708470449e+00
-1.874326453662221503e+00
-1.874325326625422727e+00
-1.874386990594388180e+00
-1.874557935151382138e+00
-1.874560130129109936e+00
-1.874565482032879205e+00
-1.874566132199432023e+00
-1.874580757953200116e+00
-1.874580833867873997e+00
-1.874588784435796907e+00
-1.874589897368620806e+00
-1.874603534188284071e+00
-1.874629710019620976e+00
-1.874633478727552038e+00
-1.874636301475228972e+00
-1.874657343143561805e+00
-1.874660806285282089e+00
-1.874685448795436749e+00
-1.874721694624728485e+00
-1.874722429970253845e+00
-1.874837220841311325e+00
-1.874848560632629280e+00
-1.874849634530675324e+00
-1.874852000113339523e+00
-1.874853652326300857e+00
-1.874866358284001500e+00
-1.874938885302142699e+00
-1.874945352952281707e+00
-1.874972990014845964e+00
-1.874975370463141111e+00
-1.874975713296787472e+00
-1.874979505906600785e+00
-1.875148813434404760e+00
-1.875466185696347043e+00
-1.875534700687142786e+00
-1.875583586769426603e+00
-1.875727143638883154e+00
-1.876046416639571390e+00
-1.876441413828645821e+00
-1.877306134928621528e+00
-1.878147883126128459e+00
-1.878780474333094475e+00
-1.879187160892086261e+00
-1.879307292009487540e+00
-1.880088719535043973e+00
-1.880197241806490505e+00
-1.878599492614512645e+00
-1.878562786457457445e+00
-1.878738923669850625e+00
-1.878452111343345443e+00
-1.878358066236349044e+00
-1.878158754310387479e+00
-1.878572934123279525e+00
-1.878666377540787913e+00
-1.878676358965031268e+00
-1.878678179103602464e+00
-1.878678158950305654e+00
-1.878684644337357490e+00
-1.878689278005040153e+00
-1.878689498094996857e+00
-1.878746952361100675e+00
-1.878766069079238488e+00
-1.878848032840203519e+00
-1.878853821721579109e+00
-1.878853765067430626e+00
-1.878850596742050127e+00
-1.878848534359600198e+00
-1.878838248531449873e+00
-1.878833530141044594e+00
-1.878827606953418661e+00
-1.878836364956831817e+00
-1.878862404725999635e+00
-1.878892016594911452e+00
-1.878859796401906257e+00
-1.878921811432961331e+00
-1.878921811492034077e+00
-1.878859796405985438e+00
-1.878892016486554351e+00
-1.878862404723840474e+00
-1.878836365358086846e+00
-1.878827606960140617e+00
-1.878833530193670498e+00
-1.878777627093232594e+00
-1.878848539585887378e+00
-1.878850604805529123e+00
-1.878853764883280819e+00
-1.878853821686473191e+00
-1.878772499310555455e+00
-1.878766069078125378e+00
-1.878746952360934142e+00
-1.878688274653785850e+00
-1.878689278005045038e+00
-1.878684644337454746e+00
-1.878678158923895225e+00
-1.878678179102807988e+00
-1.878676364226069984e+00
-1.878666330092618519e+00
-1.878572858351569064e+00
-1.878158747432187026e+00
-1.878751545950180457e+00
-1.871052716438006858e+00
-1.878738925542077220e+00
-1.878562770550795680e+00
-1.878599943839960540e+00
-1.880197189463024721e+00
-1.873039280282208008e+00
-1.879309395373376823e+00
-1.879187285565588894e+00
-1.878782082539831144e+00
-1.878131579211926860e+00
-1.877306135088727013e+00
-1.876338582251227072e+00
-1.876046416613602164e+00
-1.875727143642509365e+00
-1.875583586769582034e+00
-1.875534700682774059e+00
-1.875466185772766581e+00
-1.875148813430892902e+00
-1.874979505905798760e+00
-1.874975708935651575e+00
-1.874975370339028391e+00
-1.874972990014827978e+00
-1.874945352955024624e+00
-1.874938885293928159e+00
-1.874866358282372580e+00
-1.874853652331918141e+00
-1.874852000113733652e+00
-1.874849634531392972e+00
-1.874848560675768994e+00
-1.874837220865798848e+00
-1.874722429966524828e+00
-1.874721694624378321e+00
-1.874685448785456510e+00
-1.874660806279898395e+00
-1.874657343130026410e+00
-1.874636301475679723e+00
-1.874633478728001013e+00
-1.874629710019611650e+00
-1.874603534188659104e+00
-1.874589896460281402e+00
-1.874588784435552657e+00
-1.874580833867873775e+00
-1.874580757953192567e+00
-1.874566091618311336e+00
-1.874565482061604449e+00
-1.874560154065712858e+00
-1.874557935145918064e+00
-1.874386990596921043e+00
-1.874325326617203524e+00
-1.874326465206775261e+00
-1.874249343027364789e+00
-1.874456268620595445e+00
-1.874431724824007439e+00
-1.874426628391386629e+00
-1.874412344080624182e+00
-1.874386243730299162e+00
-1.874360185860894923e+00
-1.874372555995883705e+00
-1.874336104832220462e+00
-1.874266257771985300e+00
-1.874260917072136268e+00
-1.874180061011794240e+00
-1.874174522787390273e+00
-1.874169867730911321e+00
-1.874168075833944735e+00
-1.874131548437056871e+00
-1.874109200050017909e+00
-1.874065542162306697e+00
-1.874059670427562718e+00
-1.873929128448686754e+00
-1.873639146229209906e+00
-1.873632053569531886e+00
-1.873630752960637746e+00
-1.873422926779781950e+00
-1.873289256495145549e+00
-1.873184316301467867e+00
-1.873174735499818722e+00
-1.873158868703689306e+00
-1.873125968316364354e+00
-1.872816681218235413e+00
-1.872854165873747423e+00
-1.872798484753068760e+00
-1.872659850613999755e+00
-1.872571159971918142e+00
-1.872556980194314491e+00
-1.872065351985225501e+00
-1.871763604501944345e+00
-1.871791082626428571e+00
-1.871731253993875521e+00
-1.871437761198733618e+00
-1.871424491420241365e+00
-1.871133431520001444e+00
-1.871094480942774307e+00
-1.870858339545110383e+00
-1.870039741915674014e+00
-1.870011653021799169e+00
-1.870084406366827823e+00
-1.869875471997209493e+00
-1.868818659517359482e+00
-1.868761492400457636e+00
-1.868685556125837088e+00
-1.868656213630228935e+00
-1.868661930250894665e+00
-1.868009284380785395e+00
-1.867874869994905929e+00
-1.867693624889521065e+00
-1.867747322096850793e+00
-1.867734942636445128e+00
-1.867678318905122259e+00
-1.867666493344784850e+00
-1.867590312026383925e+00
-1.867216605667110230e+00
-1.866255832481400923e+00
-1.866222239414237816e+00
-1.864818982791938140e+00
-1.864122831441497929e+00
-1.864006090355858403e+00
-1.864093926702904636e+00
-1.864247389134085608e+00
-1.864166571815097484e+00
-1.863812260736120718e+00
-1.862843849415347197e+00
-1.862839774703098694e+00
-1.863728038136247989e+00
-1.863769154827183971e+00
-1.862271066344815207e+00
-1.862096542196052917e+00
-1.862198185728958455e+00
-1.862158610618380727e+00
-1.862294429581407229e+00
-1.862266102506598076e+00
-1.862441683598561770e+00
-1.862442949464199859e+00
-1.862572573063475234e+00
-1.861844844677952526e+00
-1.863752655260483726e+00
-1.863165596359977361e+00
-1.863516521542968540e+00
-1.862877683165891085e+00
-1.862954993450568031e+00
-1.863410885331099331e+00
-1.863462146798247510e+00
-1.863562198721278040e+00
-1.863573450979035817e+00
-1.863919270788827909e+00
-1.864019336570169161e+00
-1.864850591393779400e+00
-1.862623750965887837e+00
-1.864463519400675118e+00
-1.864980351311165796e+00
-1.865541559000916561e+00
-1.865231347167699116e+00
-1.865237115159317671e+00
-1.865729960854016767e+00
-1.863465852312650828e+00
-1.864108684857483933e+00
-1.864884440119276565e+00
-1.865345973729754636e+00
-1.866576903761205219e+00
-1.867362005301235861e+00
-1.867233193936634450e+00
-1.867239593610535708e+00
-1.867226494720294117e+00
-1.868282374288520398e+00
-1.866029480309309152e+00
-1.865904879433703423e+00
-1.865373643371374346e+00
-1.865511033789791551e+00
-1.866429936931705003e+00
-1.866179902893143616e+00
-1.865461708659502005e+00
-1.865605197670820115e+00
-1.862717891505879075e+00
-1.861969515299266797e+00
-1.861927139095452821e+00
-1.861935138599870143e+00
-1.861838856173522849e+00
-1.861830376725962966e+00
-1.863196541834041486e+00
-1.862951478803436922e+00
-1.863193525497996106e+00
-1.863049885508690551e+00
-1.862566741526563430e+00
-1.861960537364293122e+00
-1.861940520231003315e+00
-1.861944720778111240e+00
-1.861988169718648223e+00
-1.861986914856479380e+00
-1.862092977671635730e+00
-1.862124052340793146e+00
-1.862146549609192903e+00
-1.862024528717434624e+00
-1.862206278368108592e+00
-1.862240261689144250e+00
-1.862234112308032374e+00
-1.862333011420384210e+00
-1.862335603476291901e+00
-1.862337490194932332e+00
-1.862343378474837330e+00
-1.862521461354913033e+00
-1.862516981739036348e+00
-1.863003714680999234e+00
-1.863009450272279377e+00
-1.863025096623136534e+00
-1.863019540636646987e+00
-1.863071807985778428e+00
-1.863233748778357901e+00
-1.863232634840994661e+00
-1.863299729294479512e+00
-1.863488048682477860e+00
-1.863571794484154776e+00
-1.863591487670442248e+00
-1.863597312290788732e+00
-1.863640727993638446e+00
-1.863693192032193302e+00
-1.863735214238655402e+00
-1.863739146030321647e+00
-1.863740602638638055e+00
-1.863744738174460069e+00
-1.863804732321811874e+00
-1.864050040923070917e+00
-1.864061304335012270e+00
-1.864039609550231624e+00
-1.864044747582812578e+00
-1.864165938179872750e+00
-1.864200363955407003e+00
-1.864301363390105326e+00
-1.864295633262470275e+00
-1.864315271076337766e+00
-1.864353251584139004e+00
-1.864366641354350485e+00
