-1.422201208086976365e+00
-1.422347296652837434e+00
-1.422386630379143480e+00
-1.422415101466926846e+00
-1.424250769550351681e+00
-1.425408361901220111e+00
-1.425747317890612376e+00
-1.426533763822885881e+00
-1.426659173323689966e+00
-1.426683639749858790e+00
-1.452686710274236903e+00
-1.463130610753077043e+00
-1.463686533544299451e+00
-1.463689293318322981e+00
-1.463707699438914211e+00
-1.467209717133390434e+00
-1.463488349904031871e+00
-1.463578075691668090e+00
-1.463535706181361196e+00
-1.463911362351748124e+00
-1.463851586774209679e+00
-1.464180506992485808e+00
-1.464163761946444486e+00
-1.464128309200468214e+00
-1.464200395546138234e+00
-1.465208288781719936e+00
-1.465426439898208422e+00
-1.465368242625523676e+00
-1.466042217544343051e+00
-1.469999416322133712e+00
-1.469997978131104777e+00
-1.470289605789847354e+00
-1.471305377402065240e+00
-1.472820553063663773e+00
-1.473475898570412834e+00
-1.474797930311470218e+00
-1.474962887239996245e+00
-1.476382217091509297e+00
-1.476487635130613096e+00
-1.477160907243378674e+00
-1.482800687035017884e+00
-1.482847943806657520e+00
-1.483289295302903987e+00
-1.483323236406212109e+00
-1.483683675984956984e+00
-1.483921234955870361e+00
-1.484113322587075956e+00
-1.484283128873070456e+00
-1.484938588338972298e+00
-1.486432092294032392e+00
-1.506593319481540405e+00
-1.508237850193436813e+00
-1.592696668349059319e+00
-1.691710740876285035e+00
-1.691718947767013148e+00
-1.691774620494135295e+00
-1.692649119489608056e+00
-1.694700652195264334e+00
-1.702954867190940025e+00
-1.703750716296898116e+00
-1.704668198994239159e+00
-1.710839812396106829e+00
-1.711206208212455504e+00
-1.714915817894704597e+00
-1.713997051842553354e+00
-1.726771267986472402e+00
-1.726756660423212963e+00
-1.726794782014256180e+00
-1.725737592339539273e+00
-1.727375980741959083e+00
-1.745733549341478508e+00
-1.758284836910644522e+00
-1.758434518476114317e+00
-1.761828013026312867e+00
-1.762065509910136551e+00
-1.761264667282473217e+00
-1.778028424159872278e+00
-1.778073817056121442e+00
-1.778328383001293478e+00
-1.778330007196691209e+00
-1.778709648977390811e+00
-1.829192428012438976e+00
-1.830019930440661247e+00
-1.832256518002829626e+00
-1.837828656112442838e+00
-1.839653615595527203e+00
-1.839697997734231372e+00
-1.838422706324442046e+00
-1.838376964862402208e+00
-1.839891595211536668e+00
-1.839744439198896853e+00
-1.839765739677273304e+00
-1.839785782769927547e+00
-1.839905663545985837e+00
-1.840415017417616816e+00
-1.841956496716048663e+00
-1.842538621945283284e+00
-1.848130074775938381e+00
-1.848761097046895951e+00
-1.851442993510355350e+00
-1.851645807049595360e+00
-1.851761543877340266e+00
-1.851756391943674807e+00
-1.852191362203453373e+00
-1.852326973452815828e+00
-1.852543906032491527e+00
-1.853107364699706494e+00
-1.853132885623818726e+00
-1.853289800322508452e+00
-1.853378804471146557e+00
-1.853402541151108807e+00
-1.853554521124240129e+00
-1.853788537136916270e+00
-1.853779589090742252e+00
-1.853801861461817246e+00
-1.854040967132178697e+00
-1.854179164343126907e+00
-1.854615517096626309e+00
-1.854649187985782044e+00
-1.854933158951148631e+00
-1.855116157196766258e+00
-1.855215807505233849e+00
-1.855227188999899468e+00
-1.855283451073862278e+00
-1.855328605604504855e+00
-1.855330426333749561e+00
-1.855458143274705929e+00
-1.855674876356216085e+00
-1.855796282422775390e+00
-1.855802108768862535e+00
-1.855832970257285996e+00
-1.855885008033447248e+00
-1.855910228942890816e+00
-1.856639602888805030e+00
-1.856755452487216296e+00
-1.856695193014959999e+00
-1.856725560742078729e+00
-1.858723016956836283e+00
-1.859092596626346072e+00
-1.859144099509332682e+00
-1.859222118416893332e+00
-1.859271219915710649e+00
-1.859775246521049752e+00
-1.859871819077427713e+00
-1.859851162340270481e+00
-1.860283576068022304e+00
-1.860798899778424387e+00
-1.860850929814091170e+00
-1.860913319691172685e+00
-1.861153266231008629e+00
-1.861169306196008177e+00
-1.861192693407108134e+00
-1.861506346317008953e+00
-1.861614728630396787e+00
-1.861654902825913727e+00
-1.861663931677366879e+00
-1.861766077344695791e+00
-1.861870953765591086e+00
-1.861998596086562152e+00
-1.861998400235512330e+00
-1.861998801176046880e+00
-1.862179847920311770e+00
-1.862401705781349781e+00
-1.862411648804853659e+00
-1.862578950883397866e+00
-1.862729079335954108e+00
-1.862778414623458723e+00
-1.862789442782748051e+00
-1.862796331214064072e+00
-1.862802588741093057e+00
-1.862954167586410748e+00
-1.862957514147869142e+00
-1.863037343671971824e+00
-1.863060161458405695e+00
-1.863083177381131161e+00
-1.863083293609831159e+00
-1.863142782334339831e+00
-1.863143602883780670e+00
-1.863138310540243925e+00
-1.863198631664763960e+00
-1.863199865481533157e+00
-1.863268988131283610e+00
-1.863244051566710358e+00
-1.863289133361787808e+00
-1.863508765731776595e+00
-1.862669500876638518e+00
-1.862671169807541993e+00
-1.862671634651066332e+00
-1.862666547435799957e+00
-1.862674944250641396e+00
-1.862741399465937864e+00
-1.862741686760795989e+00
-1.862750558822563018e+00
-1.862772325534554518e+00
-1.862778307737105621e+00
-1.862795601122912537e+00
-1.862948003232779204e+00
-1.862955837949872961e+00
-1.863006735698080174e+00
-1.863016859039357653e+00
-1.863047696133971476e+00
-1.863170097355078880e+00
-1.863223622468211937e+00
-1.863228009848114208e+00
-1.863241389738552467e+00
-1.863244608804231817e+00
-1.863341958263929676e+00
-1.863370785307434829e+00
-1.863382773066427411e+00
-1.863425236035483046e+00
-1.863441279402827666e+00
-1.863443119499337941e+00
-1.863447922039524585e+00
-1.863763005355483671e+00
-1.864246773135303403e+00
-1.864289678919338389e+00
-1.864358537825753226e+00
-1.864583174931748966e+00
-1.864689324391956893e+00
-1.865009338262701544e+00
-1.866063770718534132e+00
-1.865293704156337107e+00
-1.865344061959786082e+00
-1.865656608259961713e+00
-1.865604456134795752e+00
-1.863719194379385602e+00
-1.865053918488020379e+00
-1.865217586842211173e+00
-1.865430671042848321e+00
-1.865483645421527115e+00
-1.865514780164509556e+00
-1.865547501442894385e+00
-1.864889326123987168e+00
-1.865235702229904202e+00
-1.865237896586752875e+00
-1.865237606299344986e+00
-1.865240413407304398e+00
-1.865259540034375441e+00
-1.865387500073431015e+00
-1.865387877682600282e+00
-1.865388486789569811e+00
-1.865412191238032813e+00
-1.865430549074579503e+00
-1.865490657012573550e+00
-1.865491212504347018e+00
-1.865499895919883411e+00
-1.865507390524669962e+00
-1.865501993400270564e+00
-1.865506798637104779e+00
-1.865522025081706392e+00
-1.865526295358066911e+00
-1.865549326537771391e+00
-1.865559445740346600e+00
-1.865578506325031638e+00
-1.865571064740555229e+00
-1.865639285513506884e+00
-1.865639285655506407e+00
-1.865571064808206447e+00
-1.865578506312747464e+00
-1.865559445729482624e+00
-1.865549326539191810e+00
-1.865526295357920805e+00
-1.865522025088253155e+00
-1.865506798636172636e+00
-1.865501371764241911e+00
-1.865503175188609752e+00
-1.865499895919964013e+00
-1.865491212503329166e+00
-1.865433727294783406e+00
-1.865430549074750477e+00
-1.865412191237136419e+00
-1.865388489250204840e+00
-1.865387889159839219e+00
-1.865387500073258042e+00
-1.865259540031017460e+00
-1.865237229366599969e+00
-1.865237616552548161e+00
-1.865237896585335342e+00
-1.865235702229846915e+00
-1.864889324548914207e+00
-1.865547501411682463e+00
-1.865514780627916647e+00
-1.865483645414958591e+00
-1.865430671002944907e+00
-1.865216506079380387e+00
-1.865588409845020390e+00
-1.866850180772715806e+00
-1.865604165837523087e+00
-1.865656389552608374e+00
-1.865343402687646535e+00
-1.865299342576493213e+00
-1.862942090765591363e+00
-1.865010128755142604e+00
-1.864693337347329782e+00
-1.864583172928786947e+00
-1.864358538399876641e+00
-1.864289678935534766e+00
-1.864246773132878232e+00
-1.863763005364957426e+00
-1.863447922039848548e+00
-1.863443117953084593e+00
-1.863441279310003251e+00
-1.863425236035003874e+00
-1.863382773066375453e+00
-1.863370785307478794e+00
-1.863341958244780328e+00
-1.863244608813160674e+00
-1.863241389745421639e+00
-1.863228009849573041e+00
-1.863223622367867538e+00
-1.863170095641367707e+00
-1.863047696133013797e+00
-1.863016859038976625e+00
-1.863006735814725534e+00
-1.862955837957808836e+00
-1.862948003336076797e+00
-1.862795601122912093e+00
-1.862778307737115169e+00
-1.862772325536114826e+00
-1.862750558797539036e+00
-1.862741686624405979e+00
-1.862741399448783808e+00
-1.862674944228885021e+00
-1.862665520517241546e+00
-1.862671552192683988e+00
-1.862671169815862005e+00
-1.862669500443862924e+00
-1.863508765758526087e+00
-1.863070985231436660e+00
-1.863244074373523240e+00
-1.863268985296152369e+00
-1.863199960339850580e+00
-1.863198615670824232e+00
-1.863138304299443604e+00
-1.863143602907995078e+00
-1.863142782332008807e+00
-1.863083293613659652e+00
-1.863044579527920686e+00
-1.863060161458840236e+00
-1.863037343666544610e+00
-1.862957514167350670e+00
-1.862954167563510843e+00
-1.862802588727674014e+00
-1.862796331213845580e+00
-1.862789442783422178e+00
-1.862778414622891621e+00
-1.862729079333781845e+00
-1.862578950880948270e+00
-1.862411648800865738e+00
-1.862401705781246308e+00
-1.862179847920574449e+00
-1.861973437167043777e+00
-1.861998400240609808e+00
-1.861998596086798186e+00
-1.861870953763849368e+00
-1.861766077345359482e+00
-1.861663931668482208e+00
-1.861654902815835122e+00
-1.861614728630311966e+00
-1.861506346317309379e+00
-1.861192679465461186e+00
-1.861169306188042771e+00
-1.861153266230473946e+00
-1.860913319659795562e+00
-1.860850929814249932e+00
-1.860798899788906668e+00
-1.860283576086089408e+00
-1.859851162341776831e+00
-1.859871819047444141e+00
-1.859775246464960619e+00
-1.859271219898845251e+00
-1.859222118409233904e+00
-1.859144099509344450e+00
-1.859092596626312766e+00
-1.858723016957893437e+00
-1.856725560647978002e+00
-1.856695192977819264e+00
-1.856755452485792990e+00
-1.856639602888206175e+00
-1.855910228941939799e+00
-1.855885008033461236e+00
-1.855832970889302214e+00
-1.855802108773958015e+00
-1.855796282407104592e+00
-1.855674876376401272e+00
-1.855458143274394622e+00
-1.855330426334089733e+00
-1.855328605604599002e+00
-1.855283451074951406e+00
-1.855227189000170807e+00
-1.855215807513900028e+00
-1.855116157252363340e+00
-1.854933159137231335e+00
-1.854649187985801362e+00
-1.854615514879486948e+00
-1.854179164160736581e+00
-1.854040967132187578e+00
-1.853801861468794776e+00
-1.853779589090339019e+00
-1.853788537136924264e+00
-1.853554520374492753e+00
-1.853402541167616713e+00
-1.853378804473799324e+00
-1.853289800347305061e+00
-1.853132885204913372e+00
-1.853107364693808767e+00
-1.852543908240808390e+00
-1.852326973450763914e+00
-1.852191362282060494e+00
-1.851756391959199721e+00
-1.851761543866995430e+00
-1.851645807049600245e+00
-1.851442993503545242e+00
-1.851711819266695702e+00
-1.851727513782567502e+00
-1.852139177112256174e+00
-1.850849856851456643e+00
-1.851506348564519566e+00
-1.850440230235696593e+00
-1.850029867570992304e+00
-1.850323798593525026e+00
-1.850547166782972042e+00
-1.850833887577213233e+00
-1.851545963350893498e+00
-1.851848915993137945e+00
-1.851798383463292286e+00
-1.851810593698226093e+00
-1.849893216398211138e+00
-1.859864616098791501e+00
-1.850550573360282502e+00
-1.851151914003439813e+00
-1.851746645095686983e+00
-1.852897594750499977e+00
-1.852904224516000120e+00
-1.852908215633823241e+00
-1.855400025963456212e+00
-1.855655443202552934e+00
-1.855936843886887289e+00
-1.856573273733285179e+00
-1.857639210373992267e+00
-1.857466448040863805e+00
-1.856925307194080332e+00
-1.856830264019488697e+00
-1.856900636353385314e+00
-1.857145038515477520e+00
-1.857756476359434750e+00
-1.858121010904947301e+00
-1.854297157436731069e+00
-1.854618326801114492e+00
-1.857534092226992950e+00
-1.858117240878422560e+00
-1.858005229675103731e+00
-1.858326359491088597e+00
-1.859799740690537107e+00
-1.858908785555068999e+00
-1.859059100863426961e+00
-1.858567683858037167e+00
-1.858609169145905904e+00
-1.859665297591948763e+00
-1.854140564907281297e+00
-1.853978649168307680e+00
-1.854264832836655108e+00
-1.854312585011856251e+00
-1.855124488194445753e+00
-1.854345657745041676e+00
-1.854344675769525441e+00
-1.854371134393557607e+00
-1.854594712551124847e+00
-1.854562070940136698e+00
-1.854899819457435095e+00
-1.854950590526752263e+00
-1.854957842384164834e+00
-1.854814458947844358e+00
-1.855266650219946634e+00
-1.855234603884683198e+00
-1.855133199249506148e+00
-1.855294020604125960e+00
-1.855139014088436955e+00
-1.855191614578640902e+00
-1.855235894337448510e+00
-1.855507022908354564e+00
-1.855319745066321246e+00
-1.855487894848686814e+00
-1.855363630090135718e+00
-1.855373471462025581e+00
-1.855375418628004258e+00
-1.855474179636379617e+00
-1.855620273789315711e+00
-1.855628744412333608e+00
-1.855736245419971731e+00
-1.855886304462963654e+00
-1.855982110317357492e+00
-1.855995537541528462e+00
-1.856019401677555747e+00
-1.856046515996139679e+00
-1.856062208839062144e+00
-1.856099219315189508e+00
-1.855762559134845002e+00
-1.856107224763051233e+00
-1.856123145777151429e+00
-1.856252851507949941e+00
-1.856299327760607465e+00
-1.856273459673850823e+00
-1.856279206203350629e+00
-1.856295416492078409e+00
-1.856401061273436959e+00
-1.856448094893252243e+00
-1.856377756744963747e+00
-1.856423818869367803e+00
-1.856484492794195917e+00
-1.856530186964839624e+00
-1.856603366123173782e+00
-1.856172471682297598e+00
-1.856106880599977416e+00
-1.856069912327371618e+00
-1.856020655041385137e+00
-1.856015461119385090e+00
-1.856026374025881998e+00
-1.856026294538628330e+00
-1.855980415668766037e+00
-1.855969502955126860e+00
-1.855966376901519110e+00
-1.855984405681237348e+00
-1.855715469922695871e+00
-1.855606425225400979e+00
-1.855603467418621033e+00
-1.855596900647482395e+00
-1.855594818665011525e+00
-1.855488966871289502e+00
-1.855519576754043776e+00
-1.855467277981996066e+00
-1.855407091822117049e+00
-1.855361025035770606e+00
-1.855328274490460672e+00
-1.855163135195814439e+00
-1.855081039983533353e+00
-1.855079822940037593e+00
-1.855027579357486633e+00
-1.854923107403230631e+00
-1.854894624218938137e+00
-1.854891397747850057e+00
-1.854968690128527609e+00
-1.854743153595253213e+00
-1.854740287112516484e+00
-1.854689145267151895e+00
-1.854662606449997586e+00
-1.854660879725281930e+00
-1.854706968322063165e+00
-1.854583858878245950e+00
-1.854639784055685414e+00
-1.854441202640316977e+00
-1.854405937551299788e+00
-1.854506556068879153e+00
-1.854464095076237218e+00
-1.854467322957646935e+00
-1.854199321325695315e+00
-1.854203941636414221e+00
-1.854076162705057929e+00
-1.854083727377250579e+00
-1.854083542784123573e+00
-1.854079302260827511e+00
-1.854009839789235059e+00
-1.853800951095070371e+00
-1.853180260747161467e+00
-1.853441978467526230e+00
-1.852457177370003816e+00
-1.852465361097967556e+00
-1.852472365467495496e+00
-1.853747802095965014e+00
-1.854138119822650310e+00
-1.855862727339046891e+00
-1.854360485384961343e+00
-1.854539842775455583e+00
-1.855652787220917421e+00
-1.855615437087258623e+00
-1.853436012551310075e+00
-1.852866981413803682e+00
-1.856213676137015378e+00
-1.855393456329833546e+00
-1.854994656873503400e+00
-1.854598443885190573e+00
-1.854730603706592929e+00
-1.855190116329661354e+00
-1.856663976541144123e+00
-1.856879557406241332e+00
-1.855715338119897861e+00
-1.855691392258723260e+00
-1.855579548113441390e+00
-1.856714710579492777e+00
-1.853885343990217205e+00
-1.853883937105247792e+00
-1.853883564607963885e+00
-1.853969073658232158e+00
-1.853771764487841534e+00
-1.853898325021254401e+00
-1.862920138816618554e+00
-1.853817570697894990e+00
-1.855135249546331577e+00
-1.856044509953962196e+00
-1.854693027676369343e+00
-1.855037644033964206e+00
-1.854663230954900488e+00
-1.854572288810007574e+00
-1.854540548452564774e+00
-1.853812738371279023e+00
-1.853801215855637619e+00
-1.855459740180802397e+00
-1.855335047236873258e+00
-1.858179919200459329e+00
-1.857382940803564697e+00
-1.857040205448655890e+00
-1.857099379950918117e+00
-1.857318923005763844e+00
-1.858068404486055147e+00
-1.858069384886544828e+00
-1.858274764651723920e+00
-1.858382154024963873e+00
-1.858702678458918456e+00
-1.859466124982360746e+00
-1.859455664180265311e+00
-1.859492622677508811e+00
-1.859540732173202926e+00
-1.859562124670956607e+00
-1.859726396255937164e+00
-1.859882037414508416e+00
-1.859855917006822734e+00
-1.859880164473845410e+00
-1.860012195296605331e+00
-1.860214197126809355e+00
-1.860805092358590596e+00
-1.860835438289772270e+00
-1.861302105809210516e+00
-1.861377509512351258e+00
-1.861428289620216558e+00
-1.861463035793538445e+00
-1.861519636950443202e+00
-1.861528959052157539e+00
-1.861532810870369481e+00
-1.861636368973941913e+00
-1.861762735229762766e+00
-1.862145841611642316e+00
-1.862144053787212927e+00
-1.862159204523588407e+00
-1.862216078886286708e+00
-1.862260222886390482e+00
-1.863007315818304921e+00
-1.863111616982918939e+00
-1.863073510165210278e+00
-1.863132857439236290e+00
-1.863741061709879077e+00
-1.864081150114617280e+00
-1.864134803541814600e+00
-1.864294425558983725e+00
-1.864443578403890633e+00
-1.864892006195024488e+00
-1.865017277556622943e+00
-1.864991724595930878e+00
-1.865406517382373508e+00
-1.865976908581555405e+00
-1.866054497402326096e+00
-1.866137883587203117e+00
-1.866391317444473952e+00
-1.866424413004905025e+00
-1.866482004999459487e+00
-1.867112252312350673e+00
-1.867157284906133530e+00
-1.867178633296088019e+00
-1.867185208020922582e+00
-1.867322309811919157e+00
-1.867364059427057299e+00
-1.867556726980233117e+00
-1.867559534343496086e+00
-1.867559357205508697e+00
-1.868003870596754101e+00
-1.868174262003518660e+00
-1.868186892952736322e+00
-1.868228732813855153e+00
-1.868354408874222328e+00
-1.868381204694391728e+00
-1.868382012833593064e+00
-1.868394129598766717e+00
-1.868400697380689257e+00
-1.868454014902989346e+00
-1.868459137864137976e+00
-1.868525134016794320e+00
-1.868583861126610790e+00
-1.868606025984490770e+00
-1.868578543178196272e+00
-1.868624742321876475e+00
-1.868625207737252936e+00
-1.868628336389873468e+00
-1.868675313289354101e+00
-1.868809471999080429e+00
-1.868817910034578755e+00
-1.868819302669320281e+00
-1.868832345729199318e+00
-1.869043860687151337e+00
-1.869044358916693849e+00
-1.869046492731906817e+00
-1.869047223974899641e+00
-1.869059392507986583e+00
-1.869068214206084821e+00
-1.869102847260393885e+00
-1.869103294310592300e+00
-1.869118229522467978e+00
-1.869127805921485752e+00
-1.869141660714239039e+00
-1.869152632955695559e+00
-1.869198201445662733e+00
-1.869212147502765431e+00
-1.869271848828993665e+00
-1.869293303513690940e+00
-1.869300358132363060e+00
-1.869337587436753267e+00
-1.869362232674452118e+00
-1.869338057462743397e+00
-1.869318116138249053e+00
-1.869337655868573922e+00
-1.869408394198005752e+00
-1.869420070846845139e+00
-1.869461486156013486e+00
-1.869494728942253658e+00
-1.869498151052887858e+00
-1.869498121837324778e+00
-1.869501379631469007e+00
-1.869663879425708775e+00
-1.870136955517775146e+00
-1.870209693707034493e+00
-1.870275004037708300e+00
-1.870447837172172889e+00
-1.870701514310558755e+00
-1.870919266909924605e+00
-1.871853620140419006e+00
-1.873858224130706018e+00
-1.873186117421059338e+00
-1.873605336517056852e+00
-1.874274895995508672e+00
-1.875558445727240287e+00
-1.874840466229140246e+00
-1.874768329373875275e+00
-1.874772724221567266e+00
-1.874780787766906709e+00
-1.874785816058796017e+00
-1.874720017956530871e+00
-1.874231542091652880e+00
-1.873669496999912365e+00
-1.873737913513155773e+00
-1.873802802626076680e+00
-1.873802024388619536e+00
-1.873838337153822531e+00
-1.873947880530987042e+00
-1.873948156654849928e+00
-1.873947796895585771e+00
-1.873973352285238647e+00
-1.873942568662967378e+00
-1.873960069527858874e+00
-1.873951151399571913e+00
-1.873951818930445601e+00
-1.873953335582789537e+00
-1.873953388413739818e+00
-1.873962851977321709e+00
-1.873952204489339302e+00
-1.873953572346552576e+00
-1.873955924821177899e+00
-1.873957069666414288e+00
-1.873959129232886323e+00
-1.873979311867579600e+00
-1.874013443016308678e+00
-1.874013443016420144e+00
-1.873979311861055486e+00
-1.873959129231117071e+00
-1.873957069665699082e+00
-1.873955924825151831e+00
-1.873953572343444396e+00
-1.873952204418337208e+00
-1.873962851975867316e+00
-1.873953390052789381e+00
-1.873953648454483423e+00
-1.873951818973992545e+00
-1.873951151407798887e+00
-1.873936201050837580e+00
-1.873942615350767893e+00
-1.873973352293436534e+00
-1.873947801081486952e+00
-1.873948151874482271e+00
-1.873947880530133503e+00
-1.873838337100401930e+00
-1.873802028258507502e+00
-1.873802814374596171e+00
-1.873737785472082251e+00
-1.873669421852479644e+00
-1.874231534220579309e+00
-1.874719687289419845e+00
-1.867551506320248134e+00
-1.874780778754386201e+00
-1.874772723978276767e+00
-1.874707838948471039e+00
-1.874621118218276372e+00
-1.874524789353123166e+00
-1.874274895995305723e+00
-1.873608019780620193e+00
-1.873186117426874908e+00
-1.873151407753430586e+00
-1.871853615630612921e+00
-1.870924097590194402e+00
-1.870701514584971248e+00
-1.870447837360708299e+00
-1.870275004181971346e+00
-1.870209693638853476e+00
-1.870136955522049060e+00
-1.869663879427849729e+00
-1.869501379631025362e+00
-1.869498121832131377e+00
-1.869498151045701384e+00
-1.869494728941615724e+00
-1.869461486156619001e+00
-1.869420070825117408e+00
-1.869408394198044387e+00
-1.869337655865008108e+00
-1.869318116138144692e+00
-1.869338057488675320e+00
-1.869362232525165979e+00
-1.869337509905590000e+00
-1.869300358132967022e+00
-1.869272508725603243e+00
-1.869271848738239150e+00
-1.869212147092387921e+00
-1.869198201494423062e+00
-1.869152632967344019e+00
-1.869141660716222564e+00
-1.869127805923070262e+00
-1.869118229522604757e+00
-1.869103293374949848e+00
-1.869102847260386557e+00
-1.869068214206121237e+00
-1.869059392507904427e+00
-1.869047223974650951e+00
-1.869046492726500697e+00
-1.869044343760573934e+00
-1.869043860689028946e+00
-1.868832345732609701e+00
-1.868819302669267213e+00
-1.868808061957446309e+00
-1.868809471999220317e+00
-1.868675313290184992e+00
-1.868628336384283717e+00
-1.868625207734853300e+00
-1.868624729217292835e+00
-1.868578543177462858e+00
-1.868606025984620889e+00
-1.868583861127354417e+00
-1.868525134006611577e+00
-1.868459137856290031e+00
-1.868454014850843059e+00
-1.868400697379785980e+00
-1.868394129603933251e+00
-1.868382012836575123e+00
-1.868381204694015363e+00
-1.868354408875315897e+00
-1.868228732814950721e+00
-1.868186892939264432e+00
-1.868174262003687636e+00
-1.868003870833163882e+00
-1.867529607352987897e+00
-1.867559534304138236e+00
-1.867556726979897164e+00
-1.867364059407230492e+00
-1.867322309820147241e+00
-1.867185208019928044e+00
-1.867178633296598722e+00
-1.867157284901409309e+00
-1.867112252333644751e+00
-1.866482003766565034e+00
-1.866424413006651850e+00
-1.866391317444705322e+00
-1.866137883625731853e+00
-1.866054497408134782e+00
-1.865976908567868797e+00
-1.865406517357744764e+00
-1.864991724595924882e+00
-1.865017277552678321e+00
-1.864892006212212516e+00
-1.864443578394545664e+00
-1.864294425558873147e+00
-1.864134803541925844e+00
-1.864081150114332619e+00
-1.863741061705698199e+00
-1.863132857445172874e+00
-1.863073510175693670e+00
-1.863111616959657768e+00
-1.863007315817060139e+00
-1.862260222884617011e+00
-1.862216078880732040e+00
-1.862159205326932909e+00
-1.862144053802033294e+00
-1.862145841617188324e+00
-1.861762735229665289e+00
-1.861636368973947242e+00
-1.861532810868065102e+00
-1.861528959052308085e+00
-1.861519636950297540e+00
-1.861433530193995933e+00
-1.861428289509932554e+00
-1.861377509433718824e+00
-1.861302106032112214e+00
-1.860835438287621546e+00
-1.860805092358629231e+00
-1.860214197154400173e+00
-1.860012195290260850e+00
-1.859880164478205034e+00
-1.859855917011094650e+00
-1.859882037414142708e+00
-1.859726396235208412e+00
-1.859562124699521535e+00
-1.859540731852242557e+00
-1.859492622681728324e+00
-1.859455664180250878e+00
-1.859466120912660614e+00
-1.858702680342929181e+00
-1.858382154012897747e+00
-1.858274764727386508e+00
-1.858069384893682008e+00
-1.858068404490561543e+00
-1.858081995756706739e+00
-1.858326624285857376e+00
-1.858238817302373613e+00
-1.857522183411956851e+00
-1.858343703888461818e+00
-1.859091512387927470e+00
-1.857837844381663439e+00
-1.858021261640912858e+00
-1.858112585377325487e+00
-1.857718327955240500e+00
-1.857557767062752330e+00
-1.857804349639692099e+00
-1.857793818351387571e+00
-1.857819390048625063e+00
-1.858215402226768509e+00
-1.858417298517428318e+00
-1.859720206430198086e+00
-1.865182317635739384e+00
-1.865914878836090640e+00
-1.867825944945296968e+00
-1.863582194830709859e+00
-1.863393262308469245e+00
-1.863418446557099539e+00
-1.863469100250775945e+00
-1.864548046321592434e+00
-1.865127444168613646e+00
-1.864469224548429338e+00
-1.863920694691011182e+00
-1.861914673641193119e+00
-1.862727908085096917e+00
-1.861919606219958556e+00
-1.861637396054536042e+00
-1.861705279516626010e+00
-1.861891657660091681e+00
-1.862775384429031345e+00
-1.863124045873221668e+00
-1.860937039214083377e+00
-1.859814510543589039e+00
-1.859968330547669968e+00
-1.858173545116750480e+00
-1.857871242694449254e+00
-1.858218292641461877e+00
-1.859112170608482328e+00
-1.859085933130271595e+00
-1.859234741387632672e+00
-1.859030932833596328e+00
-1.859043958277833086e+00
-1.859034897170445122e+00
-1.859733458565473896e+00
-1.859733406387167109e+00
-1.859820990323842071e+00
-1.859874324653278288e+00
-1.859979911114739926e+00
-1.860007175110764521e+00
-1.860008458854685909e+00
-1.860009604863537280e+00
-1.860114935104336897e+00
-1.860123599464530209e+00
-1.860448365380953373e+00
-1.860535411298779973e+00
-1.860532680626083124e+00
-1.860559257380371312e+00
-1.860723583891116695e+00
-1.860946980757018920e+00
-1.860943517545031956e+00
-1.861110866023562238e+00
-1.861115239422786560e+00
-1.861120180238230226e+00
-1.861134392503212442e+00
-1.861483910625241434e+00
-1.861483940281341010e+00
-1.861769530551670382e+00
-1.861780528820461633e+00
-1.861785232631750109e+00
-1.861791900256528187e+00
-1.861837283077820260e+00
-1.862018113250802465e+00
-1.862018828046795527e+00
-1.862038378592619114e+00
-1.862463632209568676e+00
-1.862385344426936484e+00
-1.862394161545746885e+00
-1.862400565975609990e+00
-1.862425110934624595e+00
-1.862492063386628649e+00
-1.862517088670678556e+00
-1.862521518357238781e+00
-1.862523930946115014e+00
-1.862524260280181698e+00
-1.862672756334809776e+00
-1.862803747184572423e+00
-1.862806139912449588e+00
-1.862807709714614290e+00
-1.862814123824666490e+00
-1.863030733154994234e+00
-1.862684225950618666e+00
-1.862774109207399498e+00
-1.862826748099896346e+00
-1.862827605234882222e+00
-1.862902433407365832e+00
-1.862573797408616505e+00
