-1.422201208086976365e+00
-1.422347263264074124e+00
-1.422393742563816676e+00
-1.422415118583484572e+00
-1.424251054499091396e+00
-1.425311774763851513e+00
-1.425634195361171308e+00
-1.426541153589001354e+00
-1.426669930695487309e+00
-1.426694985720699194e+00
-1.452680766030834958e+00
-1.463396267067847090e+00
-1.463950030353398546e+00
-1.464052206351181384e+00
-1.464073770720403012e+00
-1.467299530063763013e+00
-1.467692465300215465e+00
-1.467819989531028435e+00
-1.467919080416461908e+00
-1.468151008546234815e+00
-1.468641159297103371e+00
-1.468753510102819515e+00
-1.469198491849669219e+00
-1.469269300059306449e+00
-1.469323961896964237e+00
-1.469934538244729305e+00
-1.470179455884413677e+00
-1.470378433557793851e+00
-1.470842763113060281e+00
-1.473332699686176417e+00
-1.473720170844674326e+00
-1.473622255977597328e+00
-1.474230100949163180e+00
-1.475469345929659282e+00
-1.475906136936950386e+00
-1.477004205679395277e+00
-1.477320777483897452e+00
-1.478576088005147504e+00
-1.478646270383522143e+00
-1.479328041044414732e+00
-1.484661502617968365e+00
-1.484688870315693521e+00
-1.485249551582135563e+00
-1.485263654791902477e+00
-1.485515043819263248e+00
-1.485686577418877219e+00
-1.485850654024093664e+00
-1.486045985905543709e+00
-1.486593190340143256e+00
-1.487978109460210030e+00
-1.501722583403217071e+00
-1.503616711405650452e+00
-1.583904259902086276e+00
-1.686394209196943716e+00
-1.686402841430044486e+00
-1.686470749123271995e+00
-1.687385319559501662e+00
-1.689776701250950808e+00
-1.698493612861184276e+00
-1.699016653141291577e+00
-1.699906216643860102e+00
-1.706447206946049233e+00
-1.707977101557915933e+00
-1.712237258817198349e+00
-1.713270628786768723e+00
-1.725205187177915711e+00
-1.725458961551697756e+00
-1.725574769299815792e+00
-1.725910895971977776e+00
-1.727173671300413993e+00
-1.744323643731091611e+00
-1.756044356933153860e+00
-1.756189741912036695e+00
-1.760167114169831404e+00
-1.760393304935033543e+00
-1.760687140772196457e+00
-1.777610477843835302e+00
-1.777779334499648201e+00
-1.777894903077207323e+00
-1.777903199914817822e+00
-1.779233370433054073e+00
-1.829145205358942095e+00
-1.815995717277045784e+00
-1.820789788482681359e+00
-1.832479093419123295e+00
-1.833493274724853794e+00
-1.828898447874424793e+00
-1.828990027589571632e+00
-1.830085117621992552e+00
-1.830580145756205646e+00
-1.830593977670323280e+00
-1.831710379032070346e+00
-1.831884281902931733e+00
-1.832014286642418499e+00
-1.832959597504469240e+00
-1.833438080315842544e+00
-1.833656968666583342e+00
-1.843648669546180896e+00
-1.844116315870593326e+00
-1.846465948660653833e+00
-1.846438306464287971e+00
-1.846688950446217392e+00
-1.846668332950932800e+00
-1.847052111258306262e+00
-1.847867861062305828e+00
-1.847875429840649897e+00
-1.848581237590221082e+00
-1.848609391530374513e+00
-1.848631021607989977e+00
-1.848679272559567099e+00
-1.849141537108921263e+00
-1.849888843018153262e+00
-1.850077105655401066e+00
-1.849990741240304271e+00
-1.850025897252734808e+00
-1.850279783982121451e+00
-1.850504694277756323e+00
-1.850913652977019153e+00
-1.850931345469209344e+00
-1.851486475540088383e+00
-1.851988049597304009e+00
-1.852260994455500409e+00
-1.852262714156755141e+00
-1.852350728528664447e+00
-1.852354230800459245e+00
-1.852328383851498339e+00
-1.852458401152328404e+00
-1.852602215912141359e+00
-1.852751357587575809e+00
-1.852744736515929525e+00
-1.852783891012690587e+00
-1.852847094206069967e+00
-1.852910413449775806e+00
-1.854060290121995580e+00
-1.854076652287526716e+00
-1.854135672414709779e+00
-1.854168038873355684e+00
-1.857682135638872190e+00
-1.857931915320358840e+00
-1.857938762221026163e+00
-1.858331449444994732e+00
-1.858367034414355023e+00
-1.858670460004993918e+00
-1.858678661388337705e+00
-1.858657531811075847e+00
-1.858992550323312232e+00
-1.859335885108415187e+00
-1.859364527780540399e+00
-1.859428424336439845e+00
-1.859555087563241838e+00
-1.859557405926129503e+00
-1.859599386422244871e+00
-1.859631665800868028e+00
-1.859756116732519837e+00
-1.859792202995536936e+00
-1.859853389044052729e+00
-1.859856309750461456e+00
-1.859993435329915235e+00
-1.859944156716066832e+00
-1.859941952472047522e+00
-1.859913066679656168e+00
-1.860145547145442890e+00
-1.860227519140480679e+00
-1.860245516439924085e+00
-1.860418947503122755e+00
-1.860429304864759992e+00
-1.860455266059640955e+00
-1.860464063180148342e+00
-1.860474788081409203e+00
-1.860491773859941578e+00
-1.860604490150175039e+00
-1.860633056172696254e+00
-1.860685063530658212e+00
-1.860707125752762092e+00
-1.860742243119347883e+00
-1.860784521985522133e+00
-1.860848674592137542e+00
-1.860864849571252977e+00
-1.860871719021411685e+00
-1.860948368358819494e+00
-1.861063509114652348e+00
-1.861064662725228080e+00
-1.861064941970381081e+00
-1.861121844942698722e+00
-1.861232343091650643e+00
-1.861232385390248156e+00
-1.861233558365235741e+00
-1.861233517281168037e+00
-1.861251789775802745e+00
-1.861257425685832079e+00
-1.861295910035497769e+00
-1.861296126582595800e+00
-1.861317554225631943e+00
-1.861355801112233976e+00
-1.861375313409288301e+00
-1.861401930372561520e+00
-1.861490832877338075e+00
-1.861495000713637715e+00
-1.861566503275018825e+00
-1.861595207959446663e+00
-1.861596338709384568e+00
-1.861624049532877745e+00
-1.861653923715461900e+00
-1.861655231568570823e+00
-1.861669520352383422e+00
-1.861669869837268898e+00
-1.861766857449564716e+00
-1.861795026129381636e+00
-1.861800297196924969e+00
-1.861817792224923496e+00
-1.861818024710944375e+00
-1.861818032971017667e+00
-1.861825005972185920e+00
-1.862088113317476035e+00
-1.863151406925972253e+00
-1.863236676639865586e+00
-1.863330658864232658e+00
-1.863714715286361123e+00
-1.864183315469535085e+00
-1.864354977348579023e+00
-1.865075749787614479e+00
-1.867363203796988280e+00
-1.867938122989759586e+00
-1.868240257297313356e+00
-1.868591348995201074e+00
-1.869093934397935364e+00
-1.869312345033216083e+00
-1.869680284418805627e+00
-1.869665456216646593e+00
-1.869701763399551186e+00
-1.869717407172104995e+00
-1.869652660679343104e+00
-1.869479226754403367e+00
-1.869502290983136250e+00
-1.869523029743743514e+00
-1.869521944809335867e+00
-1.869534535943456754e+00
-1.869538070802954977e+00
-1.869463744088823987e+00
-1.869464053550330185e+00
-1.869467728386513095e+00
-1.869518539345661701e+00
-1.869183311566422923e+00
-1.869288188533841488e+00
-1.869236531964531878e+00
-1.869242630681736239e+00
-1.869245575517912483e+00
-1.869242709427731963e+00
-1.869250770735753742e+00
-1.869252382987844907e+00
-1.869258138409064740e+00
-1.869264799459430915e+00
-1.869344470672589242e+00
-1.869347344458040627e+00
-1.869353767122190479e+00
-1.869380825079783870e+00
-1.869380825081462305e+00
-1.869353767114427800e+00
-1.869347344457311433e+00
-1.869344470768912858e+00
-1.869264799454347648e+00
-1.869258138408877112e+00
-1.869252382987873551e+00
-1.869250770735745970e+00
-1.869242711064326823e+00
-1.869245569524420114e+00
-1.869242630680696848e+00
-1.869236531964539427e+00
-1.869192536306013341e+00
-1.869183317089777585e+00
-1.869518536941841669e+00
-1.869467728917431071e+00
-1.869464050973886682e+00
-1.869463742419862351e+00
-1.869538070840123245e+00
-1.869534539740349111e+00
-1.869521945414351016e+00
-1.869523029673014980e+00
-1.869502290986439164e+00
-1.869479226603640409e+00
-1.869652649904484321e+00
-1.869717406954362948e+00
-1.869701764525853349e+00
-1.869665456221426325e+00
-1.869680284413402838e+00
-1.869312344999908060e+00
-1.869093934314300487e+00
-1.868591348992977963e+00
-1.868240257297369755e+00
-1.867938122989657224e+00
-1.867363203793924509e+00
-1.865075749786672121e+00
-1.864354661205554820e+00
-1.864183315425742560e+00
-1.863714715312784875e+00
-1.863330658856152455e+00
-1.863236676646444767e+00
-1.863151406840283464e+00
-1.862088113308021375e+00
-1.861825005971983193e+00
-1.861817982595504350e+00
-1.861818024695733875e+00
-1.861817792223990242e+00
-1.861800297196743337e+00
-1.861795026129086983e+00
-1.861766857442863632e+00
-1.861669869786008125e+00
-1.861669520353928409e+00
-1.861655231563704049e+00
-1.861653923716004133e+00
-1.861624049533941783e+00
-1.861596338700451492e+00
-1.861595207958937515e+00
-1.861566503275579043e+00
-1.861495000671767874e+00
-1.861490832858693656e+00
-1.861401930372559299e+00
-1.861375313408679899e+00
-1.861355801111943542e+00
-1.861317554225529580e+00
-1.861296114443431238e+00
-1.861295910034696854e+00
-1.861257425685885369e+00
-1.861251789775404175e+00
-1.861233507246519814e+00
-1.861233558274863142e+00
-1.861232414926277112e+00
-1.861232343091987929e+00
-1.861121844942264181e+00
-1.861064941970357323e+00
-1.861064662726129137e+00
-1.861063509115488346e+00
-1.860948368357661531e+00
-1.860871719020571025e+00
-1.860864849574704660e+00
-1.860848674592722407e+00
-1.860784521985737072e+00
-1.860742243096249471e+00
-1.860707125754577529e+00
-1.860685063525862493e+00
-1.860633056165724941e+00
-1.860604490132791167e+00
-1.860491773843091057e+00
-1.860474788077722597e+00
-1.860464063180446326e+00
-1.860191048033231764e+00
-1.860429304819653185e+00
-1.860417825450312090e+00
-1.860245745169296638e+00
-1.860227519047315203e+00
-1.860145547434752133e+00
-1.859913955436074406e+00
-1.859896841949687074e+00
-1.859944156995734454e+00
-1.859993434402934964e+00
-1.859856309709721822e+00
-1.859853389044840988e+00
-1.859792202999806410e+00
-1.859756116776722923e+00
-1.859631665800909328e+00
-1.859599386433068435e+00
-1.859557405923370155e+00
-1.859555087566169052e+00
-1.859428424341798447e+00
-1.859364527783054166e+00
-1.859335885114294928e+00
-1.858992550322880577e+00
-1.858657531813740382e+00
-1.858678661387999309e+00
-1.858670459855480406e+00
-1.858367034427615749e+00
-1.858331449447184980e+00
-1.857938762220524787e+00
-1.857931915311091142e+00
-1.857682135383349697e+00
-1.854168038412005171e+00
-1.854135672285151193e+00
-1.854076647598900784e+00
-1.854060290042000236e+00
-1.852910413411020585e+00
-1.852847094180365195e+00
-1.852783889387539684e+00
-1.852744736511186208e+00
-1.852751357587394621e+00
-1.852602215964773258e+00
-1.852458401152464740e+00
-1.852328511657375554e+00
-1.852354231062399270e+00
-1.852350728538231461e+00
-1.852262945671691030e+00
-1.852260995747399219e+00
-1.851988049599533337e+00
-1.851486486216082916e+00
-1.851501187862984343e+00
-1.852076464547246726e+00
-1.852045911659024213e+00
-1.852034962415315178e+00
-1.852101761396966140e+00
-1.852019613881797255e+00
-1.852142938080426404e+00
-1.852325499261296748e+00
-1.852478810062155867e+00
-1.853359791285637881e+00
-1.853391825734233445e+00
-1.853833491692164159e+00
-1.854030481887651849e+00
-1.853927136143040943e+00
-1.853940973805789483e+00
-1.853895931236628991e+00
-1.853890674484373946e+00
-1.854010321465252797e+00
-1.853842089930358039e+00
-1.854023288208685782e+00
-1.854134473318217236e+00
-1.854576110231044073e+00
-1.852297976807825819e+00
-1.853761645257427038e+00
-1.853756943831426973e+00
-1.853569767841422689e+00
-1.853624755113999711e+00
-1.853614656610867772e+00
-1.854012185999045270e+00
-1.854552997870043463e+00
-1.854176529596359480e+00
-1.854214341673264155e+00
-1.854675602954479974e+00
-1.856030845449608391e+00
-1.858423145292970702e+00
-1.857478607441042984e+00
-1.853744950013060722e+00
-1.856180701937534039e+00
-1.856832247987169504e+00
-1.856754978534626233e+00
-1.856766669219220178e+00
-1.857075480344404284e+00
-1.851781523178130273e+00
-1.852175644435499535e+00
-1.853657928169251123e+00
-1.855292299641856157e+00
-1.856383075976832053e+00
-1.855646942004210320e+00
-1.855754478086990344e+00
-1.854833855821954591e+00
-1.854932386688662893e+00
-1.855894744425980569e+00
-1.855629772958468759e+00
-1.856100825633875795e+00
-1.854652750512230330e+00
-1.854755674757246897e+00
-1.855435117757897379e+00
-1.854513292765866073e+00
-1.854090618376381228e+00
-1.854457062521501109e+00
-1.854740976685662179e+00
-1.853641302740511421e+00
-1.853175648417892063e+00
-1.851971098892937206e+00
-1.851964508967213430e+00
-1.852756908159675753e+00
-1.852176926999959505e+00
-1.851516847380727082e+00
-1.851785295374380524e+00
-1.851759026615530157e+00
-1.851726761804879162e+00
-1.851749501112208041e+00
-1.851737321059993224e+00
-1.851790266394195861e+00
-1.851881577313669203e+00
-1.851897781516655073e+00
-1.852936130479714283e+00
-1.851733517492634817e+00
-1.851630244058037000e+00
-1.851627018607020059e+00
-1.851838596618378130e+00
-1.851470359303446944e+00
-1.851459703085218234e+00
-1.851546813385897883e+00
-1.851559310452697060e+00
-1.851502746509511521e+00
-1.851633672162559252e+00
-1.852064740307981072e+00
-1.851901328268714897e+00
-1.852166286422501251e+00
-1.852157612205395765e+00
-1.852163411949380389e+00
-1.852168450230732066e+00
-1.852197515397626448e+00
-1.852311711217570878e+00
-1.852348710677344634e+00
-1.852397028562110304e+00
-1.852457969548147787e+00
-1.852589830031557971e+00
-1.852595293015318223e+00
-1.852607197475059309e+00
-1.852628096898839560e+00
-1.852674581680707533e+00
-1.852764139843823266e+00
-1.852897873608558399e+00
-1.852751566928632077e+00
-1.852767192824300801e+00
-1.852812401629300165e+00
-1.852858714866906675e+00
-1.852509460106146699e+00
-1.852098159141219114e+00
-1.852272463176453776e+00
-1.852373935392523485e+00
-1.852290913111318993e+00
-1.852277352888686668e+00
-1.852437944768385858e+00
-1.852486138694184659e+00
-1.852526438671016296e+00
-1.852628449698872748e+00
-1.852057143541575801e+00
-1.852005285736089135e+00
-1.851956206914345593e+00
-1.851894689765013702e+00
-1.851830442004667621e+00
-1.851844640004921105e+00
-1.851827179212128804e+00
-1.851820250242831811e+00
-1.851690226224552926e+00
-1.852089868824829733e+00
-1.852559499230479245e+00
-1.852127205831212153e+00
-1.852122545967990419e+00
-1.852099923141153681e+00
-1.852092140343795101e+00
-1.852091219894779650e+00
-1.851969125959839646e+00
-1.852068480330064215e+00
-1.851992872299546677e+00
-1.851909280134241165e+00
-1.851785134049696691e+00
-1.851767775591120158e+00
-1.851718566803052468e+00
-1.851621658121741287e+00
-1.851621346231723697e+00
-1.851600223201409490e+00
-1.851579397043451314e+00
-1.851575212438481888e+00
-1.851560615623266015e+00
-1.851669920601491492e+00
-1.851459577559357195e+00
-1.851466804460679239e+00
-1.851299206167840161e+00
-1.851637054493100232e+00
-1.851466311234921447e+00
-1.851252975743341134e+00
-1.851277048195384189e+00
-1.851384189900523447e+00
-1.851479770207993703e+00
-1.851810443885042456e+00
-1.851537635113459146e+00
-1.851495047114699366e+00
-1.852010567834813326e+00
-1.851525444059134662e+00
-1.851762025186795224e+00
-1.851750892325928932e+00
-1.851751189707816714e+00
-1.851767646948276891e+00
-1.852552832029385810e+00
-1.851439960948968233e+00
-1.851785858889329672e+00
-1.851943789994973333e+00
-1.851912691154344426e+00
-1.853436096369061481e+00
-1.851890196043069814e+00
-1.851904944066261605e+00
-1.853015909284151608e+00
-1.853517224947191622e+00
-1.854810474911557039e+00
-1.854974948098945253e+00
-1.854880263206142743e+00
-1.855529155643174111e+00
-1.856285888491169711e+00
-1.858126312162353688e+00
-1.858080161290124099e+00
-1.859712163525328865e+00
-1.859421785125019433e+00
-1.859623540923196705e+00
-1.858882991471141555e+00
-1.858884626165278942e+00
-1.859646470673135266e+00
-1.859597678672589849e+00
-1.860258272476200236e+00
-1.859823460117309812e+00
-1.859119148232965646e+00
-1.858169860656513350e+00
-1.857876443701151459e+00
-1.860814083153785603e+00
-1.860563329183827719e+00
-1.860563042650078991e+00
-1.860901835156067552e+00
-1.860732027868021277e+00
-1.858033950066487749e+00
-1.863720689483336468e+00
-1.863691496292900096e+00
-1.864521426349232014e+00
-1.863632081111124661e+00
-1.863284621449535550e+00
-1.863317958396237373e+00
-1.863957769240649487e+00
-1.863780661888631229e+00
-1.863725567352037427e+00
-1.863687015408053593e+00
-1.863747040991237336e+00
-1.864639394846773435e+00
-1.864959326034899334e+00
-1.864328130219422786e+00
-1.866489380044872526e+00
-1.865551190882418497e+00
-1.864527971820055363e+00
-1.862629420271246783e+00
-1.861900540983393526e+00
-1.861878243023455060e+00
-1.862020730655898904e+00
-1.862330301739121952e+00
-1.862737318106936657e+00
-1.863234553106290825e+00
-1.863020655415703164e+00
-1.862944400003963441e+00
-1.863008866710960776e+00
-1.862666964782052625e+00
-1.862617715849623101e+00
-1.862823193631660601e+00
-1.862860090855936068e+00
-1.862814835426148008e+00
-1.862817147105835014e+00
-1.863101285689857001e+00
-1.863310421372927461e+00
-1.860196787762396831e+00
-1.859920326549654224e+00
-1.859145231642876928e+00
-1.859498015743224153e+00
-1.858170498386802150e+00
-1.858472322938528265e+00
-1.858704970276731316e+00
-1.858707332116376509e+00
-1.858844218481239041e+00
-1.859534635168674788e+00
-1.860573780177322112e+00
-1.860606893233966108e+00
-1.861454815427325826e+00
-1.861550620515682430e+00
-1.861577567015516799e+00
-1.862474362414987317e+00
-1.862764783070783192e+00
-1.862795835871204231e+00
-1.862829349204827789e+00
-1.863642849261809120e+00
-1.863818160016294412e+00
-1.863857444628758575e+00
-1.864497637742016156e+00
-1.864572896502495913e+00
-1.865094574159153806e+00
-1.865407428804824130e+00
-1.865386321432721539e+00
-1.865641895823874741e+00
-1.866584026926138673e+00
-1.866599015501935410e+00
-1.866736910787342829e+00
-1.866881869728354459e+00
-1.866932091922878678e+00
-1.866950218845806031e+00
-1.867300709146613835e+00
-1.867345153034012606e+00
-1.867384563117000518e+00
-1.867407127753312412e+00
-1.867529170635319868e+00
-1.868176859470221052e+00
-1.868308272872279741e+00
-1.868313785989573317e+00
-1.868330451334620612e+00
-1.868555876919073766e+00
-1.868822469125440700e+00
-1.868822464236581382e+00
-1.868836186607201189e+00
-1.868969082826383632e+00
-1.869000374924540298e+00
-1.869002958081281029e+00
-1.869009794113907663e+00
-1.869017591195180739e+00
-1.869129336955206888e+00
-1.869132321618413251e+00
-1.869227302483134068e+00
-1.869267755087653082e+00
-1.869249830722560457e+00
-1.869294804309758362e+00
-1.869308477007266989e+00
-1.869298273089764706e+00
-1.869304210345112072e+00
-1.869317739648726162e+00
-1.869316996028274058e+00
-1.869417703372551420e+00
-1.869422141845625385e+00
-1.869438863517210336e+00
-1.869674417760299523e+00
-1.869674745219437106e+00
-1.869677511778507384e+00
-1.869698553524432594e+00
-1.869713257841844278e+00
-1.869734626287869794e+00
-1.869831761104846723e+00
-1.869832324760237086e+00
-1.869879266106656557e+00
-1.869892267275622633e+00
-1.869917882287759126e+00
-1.869939578666068858e+00
-1.869971814357525464e+00
-1.869989438030798423e+00
-1.870141567453182052e+00
-1.870143064351017737e+00
-1.870149169796669231e+00
-1.870197411342873428e+00
-1.870233670421339367e+00
-1.870250348462403123e+00
-1.870258343265924328e+00
-1.870258954850603672e+00
-1.870291647011903091e+00
-1.870300603728179745e+00
-1.870255991006549046e+00
-1.870273651922244706e+00
-1.870276848060940633e+00
-1.870267379486906023e+00
-1.870274149555944732e+00
-1.870407456611455022e+00
-1.870611865005864516e+00
-1.870773352363370723e+00
-1.870904086312174641e+00
-1.871099954325191383e+00
-1.871351656084874193e+00
-1.871572893952215821e+00
-1.872488648197766503e+00
-1.873630120312586689e+00
-1.874554128879538872e+00
-1.874734247837843260e+00
-1.875547037202962564e+00
-1.875977716311269639e+00
-1.876103191356631728e+00
-1.876387077956695126e+00
-1.876391432757199551e+00
-1.876439924164243767e+00
-1.876434462713561846e+00
-1.876453424078467602e+00
-1.876481848463141588e+00
-1.876528308831063807e+00
-1.876544008757013993e+00
-1.876592560606954452e+00
-1.876562324199644305e+00
-1.876638713020896354e+00
-1.876701580105938127e+00
-1.876706220900964617e+00
-1.876703487042754581e+00
-1.876719820386324455e+00
-1.876626399066235074e+00
-1.876668073621194477e+00
-1.876649297618369516e+00
-1.876650576251777114e+00
-1.876655458618765149e+00
-1.876650460821513322e+00
-1.876663091975701469e+00
-1.876664542742472408e+00
-1.876665786763497268e+00
-1.876670397800237478e+00
-1.876690880564998665e+00
-1.876691397559816288e+00
-1.876692717285912915e+00
-1.876742141643075623e+00
-1.876742141654057505e+00
-1.876692717281473133e+00
-1.876691397561774277e+00
-1.876690880566006969e+00
-1.876670397788008815e+00
-1.876665786762826471e+00
-1.876664542762601862e+00
-1.876663091979638986e+00
-1.876650466026217767e+00
-1.876653155696980990e+00
-1.876650576251752245e+00
-1.876649297581573173e+00
-1.876633747614895764e+00
-1.876626349653515602e+00
-1.876719820377095616e+00
-1.876703501163162091e+00
-1.876702282145946477e+00
-1.876701580105549994e+00
-1.876638713021104188e+00
-1.876562324199705145e+00
-1.876541573832903431e+00
-1.876544008754783333e+00
-1.876528308831338254e+00
-1.876481848467218772e+00
-1.876453424064666420e+00
-1.876434462879374543e+00
-1.876439924083341593e+00
-1.876391432726757458e+00
-1.876387077931831016e+00
-1.876103191327687103e+00
-1.875977716350367253e+00
-1.875547037174646103e+00
-1.874734247837025913e+00
-1.874554128846372514e+00
-1.873630120289998757e+00
-1.872488648198159522e+00
-1.871487959587775585e+00
-1.871351656082827386e+00
-1.871099954301743473e+00
-1.870904086270491984e+00
-1.870773352360115993e+00
-1.870611864902898658e+00
-1.870407456629193721e+00
-1.870274149563007304e+00
-1.870267379440269995e+00
-1.870276850137845503e+00
-1.870273652076492432e+00
-1.870255991056804179e+00
-1.870300603814867735e+00
-1.870291647020300818e+00
-1.870258954852427102e+00
-1.870258343275172486e+00
-1.870250348460928524e+00
-1.870233670433997020e+00
-1.870197411301082191e+00
-1.870149170055369181e+00
-1.870143064352231432e+00
-1.870141567397900939e+00
-1.869989438063035303e+00
-1.869971814364331575e+00
-1.869939578666041768e+00
-1.869917882288535615e+00
-1.869892267275722997e+00
-1.869879266106660110e+00
-1.869832299368338058e+00
-1.869831761101548917e+00
-1.869734626287845147e+00
-1.869713257842630316e+00
-1.869698553527205931e+00
-1.869677511779207935e+00
-1.869674696248344148e+00
-1.869674417760893048e+00
-1.869438863529409689e+00
-1.869410125820857527e+00
-1.869417740247094839e+00
-1.869317135921763517e+00
-1.869317736578077760e+00
-1.869304210761668639e+00
-1.869298273088946249e+00
-1.869308477004729685e+00
-1.868882641872518624e+00
-1.869250690567655804e+00
-1.869267755236512007e+00
-1.869227302483318143e+00
-1.869132321617055670e+00
-1.869129336931557805e+00
-1.869017591194867656e+00
-1.869009794112973744e+00
-1.869002958080906662e+00
-1.869000374913125206e+00
-1.868969082826412498e+00
-1.868836186607509831e+00
-1.868822464250290416e+00
-1.868822469125426267e+00
-1.868555876918997161e+00
-1.868330451344949239e+00
-1.868313785989629050e+00
-1.868308272883989929e+00
-1.868176858937260931e+00
-1.867529170630286561e+00
-1.867407127753383023e+00
-1.867384563222961980e+00
-1.867345152976746636e+00
-1.867300709146532567e+00
-1.866950218825229157e+00
-1.866932091764524682e+00
-1.866881869711702668e+00
-1.866736911965714230e+00
-1.866599015508393133e+00
-1.866584026923541195e+00
-1.865641895798481498e+00
-1.865386321433743166e+00
-1.865407428809405355e+00
-1.865094574175679920e+00
-1.864572896416410996e+00
-1.864497637742355662e+00
-1.863857444627651905e+00
-1.863818160035017435e+00
-1.863642849260636947e+00
-1.862829349058821027e+00
-1.862795835872251171e+00
-1.862764783073095565e+00
-1.862474362456103094e+00
-1.861577567018000146e+00
-1.861550620518785948e+00
-1.861454815840291266e+00
-1.860606893243768933e+00
-1.860573780241602915e+00
-1.859534635217078513e+00
-1.858707260571819564e+00
-1.858707332116075861e+00
-1.858194434946823570e+00
-1.858472322789861630e+00
-1.858170525080104163e+00
-1.859497984480370736e+00
-1.859145204842263199e+00
-1.859920239763956040e+00
-1.858976959380764127e+00
-1.861444356883713347e+00
-1.860355742466920370e+00
-1.859388045813454404e+00
-1.859325169408192036e+00
-1.859332158782734723e+00
-1.859422675375192568e+00
-1.859349974433122110e+00
-1.859597000925548471e+00
-1.859540572335309783e+00
-1.858140445490980230e+00
-1.858654965107311874e+00
-1.858640397574917280e+00
-1.858689352482126633e+00
-1.859733387035654717e+00
-1.860580584372441448e+00
-1.860985509666724491e+00
-1.861205333219389857e+00
-1.862889925746819664e+00
-1.863026876661087572e+00
-1.863502904211491895e+00
-1.860790887073857647e+00
-1.861174843567444892e+00
-1.864268391532607705e+00
-1.864034050307388890e+00
-1.863586324163378993e+00
-1.863643575977418365e+00
-1.863835051254837616e+00
-1.863613906481510263e+00
-1.863743293535845114e+00
-1.863682935528385931e+00
-1.863667925304330453e+00
-1.863806648043686343e+00
-1.864189514340275355e+00
-1.864782287003932115e+00
-1.866190261653354332e+00
-1.867221268964946779e+00
-1.860474419833311188e+00
-1.859658310608927945e+00
-1.859223372854827971e+00
-1.859226676780686205e+00
-1.859709749999765016e+00
-1.865084105406313864e+00
-1.865141373549952686e+00
-1.865906507669517822e+00
-1.867019792614501794e+00
-1.866962908269306221e+00
-1.868246188636291327e+00
-1.868411071337148233e+00
-1.868065538384050317e+00
-1.868094494408003570e+00
-1.868550260261938600e+00
-1.868726208617288442e+00
-1.869006244806151740e+00
-1.869146924617548722e+00
-1.869442780843497687e+00
-1.867164503963292255e+00
-1.865599291739927335e+00
-1.865252666373598434e+00
-1.865740114861528687e+00
-1.866128809045726644e+00
-1.861781908888336057e+00
-1.858853037518327422e+00
-1.858604596824879662e+00
-1.858610785989999181e+00
-1.859623230897028856e+00
-1.859245496848366042e+00
-1.859164371300126906e+00
-1.858941380110742392e+00
-1.858973820713921032e+00
-1.858981839663194080e+00
-1.859039284349213172e+00
-1.859011527747939763e+00
-1.859060268058507770e+00
-1.859075337856945564e+00
-1.859066992637033788e+00
-1.859304575378749380e+00
-1.859231174799206521e+00
-1.859276020525014061e+00
-1.859396044267417558e+00
-1.859430287726469899e+00
-1.859488079913796721e+00
-1.859455907065917124e+00
-1.859473148977719426e+00
-1.859369616466371333e+00
-1.859798463122128709e+00
-1.859727467211753416e+00
-1.859890324997441224e+00
-1.859915383027344049e+00
-1.859958072598354661e+00
-1.859957430695926117e+00
-1.859965437104269537e+00
-1.859972836879526525e+00
-1.859992244093125358e+00
-1.860102480826379523e+00
-1.860102464884035633e+00
-1.860206913808497120e+00
-1.860302328649417802e+00
-1.860384750500403861e+00
-1.860397071050833517e+00
-1.860374159312095266e+00
-1.860363351256752562e+00
-1.860415572495563996e+00
-1.860465625522073729e+00
-1.860470145304507827e+00
-1.860473072137646788e+00
-1.860475705105333111e+00
-1.860604151807903506e+00
-1.860775624265218919e+00
-1.860799170497358990e+00
-1.860807850287264920e+00
-1.860863679137028548e+00
-1.861010806135483975e+00
-1.861021539887495857e+00
-1.861099992810331782e+00
-1.861141918239995530e+00
-1.861178655390696823e+00
-1.861190071679319047e+00
-1.861191409815724063e+00
