3.118812572211027145e-02
7.226663827896118164e-02
3.264419361948966980e-02
4.109671572223305702e-03
1.398754073306918144e-03
4.204631277389125898e-04
5.157621949911117554e-02
1.969456672668457031e-02
2.379312366247177124e-01
1.585418879985809326e-01
4.489606618881225586e-02
2.784496545791625977e-02
1.531799659132957458e-01
1.187315147035405971e-03
9.061556800915582244e-06
4.748265610032831319e-05
1.574360094964504242e-01
4.228460788726806641e-02
3.314600692829117179e-02
3.463173285126686096e-02
1.992938481271266937e-02
9.608268737792968750e-05
2.087346813059411943e-01
2.199044513417902635e-05
1.623993328703221550e-09
2.064734445593785495e-02
1.933325052959844470e-03
1.724941844070571051e-03
7.578276075719259097e-04
9.471199892914228258e-04
9.200191972777247429e-01
8.060218476657610154e-06
8.022735826671123505e-03
1.788961887359619141e-02
2.939522266387939453e-02
4.109834553673863411e-03
2.473966032266616821e-02
3.282882376574036698e-04
3.477911790832877159e-02
4.104610532522201538e-03
4.221695661544799805e-02
1.165426000952720642e-01
3.492719940841197968e-01
5.282831639051437378e-01
1.464664936065673828e-03
4.400770273059606552e-02
3.126567389699630439e-03
9.715497765228064964e-05
2.065706648863852024e-04
7.375950366258621216e-02
3.009028360247612000e-01
8.118206709623336792e-01
7.087194826453924179e-03
6.463028548168949783e-01
9.454040937125682831e-01
1.604199327098765337e-04
3.228659522704901974e-04
1.704162862733937800e-02
3.171336092054843903e-02
7.560029812157154083e-02
6.849792599678039551e-02
5.041940407863876317e-04
8.586659554566722363e-03
5.666516236960887909e-01
1.399740576744079590e-01
3.866096958518028259e-03
3.036417067050933838e-02
1.338193751871585846e-02
2.090473435819149017e-01
2.324119705008342862e-02
2.857295039575546980e-03
6.293824486096575299e-01
8.072179432638222352e-01
4.863106030970811844e-01
8.482653202081564814e-01
2.382932901382446289e-01
2.708357316441833973e-02
8.830963820219039917e-01
2.493880600923148450e-03
3.276660422990573807e-06
2.843244614747497678e-08
2.762704203487373888e-01
7.638883623876608908e-01
7.273718565702438354e-01
1.854798905551433563e-01
3.422736003994941711e-02
8.570621088147163391e-01
5.482280403375625610e-01
1.513954484835267067e-03
1.030358165735378861e-03
1.194779016077518463e-02
2.094422583468258381e-02
2.507565747946500778e-01
1.005733109195716679e-03
7.253439252963289618e-05
5.811917632818222046e-01
7.465182393789291382e-01
2.877807617187500000e-02
9.120894059014972299e-01
3.764536835660692304e-03
2.114303279449813999e-02
2.320157351277885027e-02
3.394785514101386070e-01
4.489170340821146965e-02
3.322009703260846436e-01
2.820632088686636507e-02
4.317653741345566232e-01
8.841812008977285586e-01
8.502126858838892076e-01
1.296567153185606003e-01
5.637330785393714905e-01
4.110456407070159912e-01
1.115595102310180664e-01
3.015960547054419294e-02
1.885622646659612656e-02
7.940916316862001167e-05
7.778273510581357186e-04
2.767201384403961129e-01
5.073818557430058718e-01
2.332776412367820740e-02
7.868176698684692383e-02
3.482694625854492188e-01
4.204477951861917973e-01
2.322595713501129921e-03
2.279668784467503428e-03
1.621794654056429863e-04
2.358163789928369170e-04
2.131470069798524491e-03
1.182554151455406100e-03
3.122526044026017189e-01
5.569556355476379395e-02
2.843442261219024658e-01
1.233409852720797062e-01
1.556985080242156982e-03
7.722713053226470947e-03
4.443104937672615051e-02
1.449147462844848633e-01
9.807246923446655273e-02
6.993834907189011574e-02
9.925612248480319977e-04
3.966796211898326874e-04
5.853653047233819962e-02
1.068462133407592773e-01
2.072778940200805664e-01
1.076291799545288086e-01
3.385430783964693546e-03
2.112366557121276855e-01
9.482443332672119141e-03
2.091765403747558594e-02
3.754809498786926270e-02
9.424312971532344818e-03
8.021271228790283203e-02
1.534283161163330078e-02
5.680269002914428711e-02
1.526036262512207031e-01
4.681944847106933594e-04
1.114904880523681641e-03
2.856567502021789551e-01
2.854115921072661877e-01
9.294438362121582031e-02
3.010630607604980469e-04
1.233816146850585938e-04
2.764975593890994787e-03
3.878384828567504883e-03
4.442334175109863281e-04
1.005393266677856445e-02
1.998710632324218750e-02
1.910388469696044922e-03
7.528871297836303711e-02
3.164654970169067383e-02
1.022041440010070801e-01
7.774919271469116211e-02
5.007587373256683350e-02
8.757233619689941406e-03
3.248494863510131836e-02
4.297494888305664062e-05
2.443903684616088867e-02
1.681697368621826172e-02
5.315201729536056519e-02
1.391172409057617188e-02
4.858335852622985840e-02
2.085993182845413685e-04
2.653002738952636719e-04
3.622770309448242188e-04
1.074731349945068359e-03
4.271519184112548828e-02
2.633333206176757812e-04
6.046581268310546875e-02
1.850115368142724037e-04
6.954956334084272385e-04
2.770331921055912971e-03
2.689324691891670227e-02
7.805479515354818432e-05
3.170090029016137123e-03
1.586173661053180695e-03
1.912944280775263906e-04
1.283637341111898422e-02
1.023436933755874634e-01
6.649526208639144897e-02
3.839126229286193848e-02
5.996697582304477692e-04
1.610768735408782959e-01
7.381963729858398438e-02
3.236576169729232788e-02
8.356317877769470215e-03
6.031692028045654297e-03
9.069669246673583984e-02
1.519104465842247009e-03
5.643330514430999756e-02
1.036160252988338470e-02
5.099053960293531418e-04
1.942791044712066650e-01
2.365966280990505766e-04
3.441647812724113464e-02
1.015322655439376831e-02
2.520720758475363255e-01
1.160685176728293300e-02
8.496259339153766632e-03
4.177525676786899567e-01
1.672592479735612869e-04
1.408436266956414329e-03
1.088815778493881226e-01
1.559818874557095114e-02
1.558780859340913594e-04
4.012894612969830632e-03
9.758796542882919312e-03
3.351562879979610443e-01
2.540639042854309082e-01
1.286419050302356482e-03
3.631329629570245743e-03
4.954789578914642334e-02
5.198937654495239258e-02
1.342840790748596191e-01
3.656981140375137329e-02
3.783702850341796875e-04
1.722216606140136719e-03
3.074796877626795322e-04
3.319953325444657821e-04
2.319693565368652344e-03
1.752276693878229707e-04
4.339532515587052330e-04
3.098249435424804688e-04
8.226871490478515625e-03
1.825511455535888672e-03
9.801387786865234375e-04
1.392456889152526855e-01
2.425290294922888279e-04
5.884065001282579033e-05
4.232525825500488281e-04
8.137464523315429688e-03
1.416517198085784912e-01
7.848776876926422119e-04
7.150769233703613281e-03
8.068542182445526123e-02
2.778168767690658569e-03
2.080962061882019043e-02
3.554440336301922798e-03
1.906481012701988220e-02
