0.000000000000000000e+00
0.000000000000000000e+00
7.675625656609711085e-08
2.818476100694953526e-08
4.702961806611494387e-09
1.269187361895340718e-09
1.268215592851673306e-08
1.689814699373432065e-07
1.053522883720750131e-07
3.059274915729277830e-07
1.832849043813914198e-07
2.343235099194541253e-06
5.921322310666543985e-06
2.218839827239616716e-06
1.319760979986489109e-05
4.719020283361168298e-08
5.403446139339668244e-06
1.834164383173608321e-07
4.858542706892468069e-07
1.443398633676872537e-06
7.511899991464080980e-07
1.162542931097847205e-06
3.227895115456547420e-05
9.303613238451468172e-05
6.542186633873646299e-05
9.272430415245744002e-05
3.361142726711875369e-05
1.287929956625490016e-07
2.883821287162184318e-07
4.097941898053440575e-08
1.469467987090653291e-05
6.754916487525089589e-07
7.838618861218915162e-06
2.004906581332527039e-06
1.124960589288588257e-06
1.424747646796551526e-09
4.428083302808216601e-05
1.494410542063750035e-07
1.666943935118177087e-05
9.418403880181494593e-06
4.204525687824018898e-06
3.158850778821636685e-06
6.348843182904423281e-07
3.698936575335207182e-05
7.020362799803623351e-06
2.571240527745381237e-05
1.728606564041534626e-06
7.892105806226130010e-09
2.048362465857138994e-05
3.715507330264239080e-05
1.512363910296908838e-06
2.544784424405064292e-06
4.048852080280707271e-08
9.611548358481217887e-05
9.420902991999884069e-02
1.039649288386455036e-03
1.711267136628523530e-04
2.600646314123485764e-03
2.597511231338353252e-03
2.370680105105976449e-03
9.680248407590258224e-04
2.418998239641907521e-06
2.482683212586322963e-03
1.337947990075656624e-02
4.243996437838663642e-03
6.149839779590467962e-04
4.953073934919514747e-03
6.186191309106176157e-03
1.835419319170742813e-03
7.240454224606954897e-03
8.503978120365698998e-05
1.132193903138025201e-04
3.137189518245644959e-02
3.689795159143630099e-02
1.558202452666521652e-02
7.472243742671699903e-04
2.819610407045993790e-05
2.283582854880799456e-02
5.556611273813558127e-03
2.390343612531501127e-01
2.761266284664713744e-03
1.774350687376912827e-03
3.766091791363009311e-01
1.011445112516125028e-04
1.648252727683873764e-01
3.242796864787660105e-02
1.293221372956321509e-02
2.510807834426571124e-03
4.475551348812265885e-03
2.363049420591673347e-04
1.028987288498424022e-03
1.052876050432177647e-03
1.741104705845777597e-04
3.211805802764275603e-05
5.924636521935872957e-06
2.106215091735011338e-03
1.640189750112279118e-02
8.001806264185036544e-02
3.174615055940294694e-01
2.828866307152056152e-03
1.494643853738149807e-02
8.801470177851585062e-04
4.443061886257890745e-03
8.130014941446231326e-05
1.380409902208965445e-04
3.090117199733866137e-04
3.102476261974679425e-04
1.295069096068056889e-02
3.570359808721368031e-03
8.403013618750232450e-03
2.839350436667369398e-03
7.120208303388522036e-04
1.031122096853696272e-03
1.860800958981808967e-04
2.248591446568336000e-04
3.403300650128502220e-05
1.426625445395633674e-04
1.060158825370378146e-04
2.743984327392946440e-02
4.552764004948841627e-03
1.602862248043167124e-05
1.407107037611210259e-03
1.581804974255029321e-03
2.663444529908413211e-03
1.943720366149641549e-04
1.291533142300828567e-05
2.663904187611528451e-04
1.642398343672993972e-04
2.643009755163080597e-04
8.322475882716548479e-03
1.604514701186202607e-04
8.248534505222649056e-05
2.621571151593156922e-03
5.374073193184399484e-05
9.965665129083548120e-05
2.800706948376816886e-04
1.699556558106072798e-02
1.549472453599064431e-03
3.597050267859106605e-04
9.169911580508734172e-03
2.028676818477701815e-01
1.000000000000000000e+00
0.000000000000000000e+00
0.000000000000000000e+00
0.000000000000000000e+00
0.000000000000000000e+00
0.000000000000000000e+00
0.000000000000000000e+00
0.000000000000000000e+00
0.000000000000000000e+00
0.000000000000000000e+00
0.000000000000000000e+00
0.000000000000000000e+00
0.000000000000000000e+00
0.000000000000000000e+00
0.000000000000000000e+00
0.000000000000000000e+00
0.000000000000000000e+00
0.000000000000000000e+00
0.000000000000000000e+00
0.000000000000000000e+00
0.000000000000000000e+00
0.000000000000000000e+00
0.000000000000000000e+00
0.000000000000000000e+00
0.000000000000000000e+00
0.000000000000000000e+00
0.000000000000000000e+00
0.000000000000000000e+00
0.000000000000000000e+00
0.000000000000000000e+00
0.000000000000000000e+00
0.000000000000000000e+00
0.000000000000000000e+00
0.000000000000000000e+00
0.000000000000000000e+00
0.000000000000000000e+00
0.000000000000000000e+00
0.000000000000000000e+00
0.000000000000000000e+00
0.000000000000000000e+00
0.000000000000000000e+00
0.000000000000000000e+00
0.000000000000000000e+00
0.000000000000000000e+00
0.000000000000000000e+00
0.000000000000000000e+00
0.000000000000000000e+00
0.000000000000000000e+00
0.000000000000000000e+00
0.000000000000000000e+00
0.000000000000000000e+00
0.000000000000000000e+00
0.000000000000000000e+00
0.000000000000000000e+00
0.000000000000000000e+00
0.000000000000000000e+00
0.000000000000000000e+00
0.000000000000000000e+00
0.000000000000000000e+00
0.000000000000000000e+00
0.000000000000000000e+00
0.000000000000000000e+00
0.000000000000000000e+00
0.000000000000000000e+00
0.000000000000000000e+00
0.000000000000000000e+00
0.000000000000000000e+00
0.000000000000000000e+00
0.000000000000000000e+00
0.000000000000000000e+00
0.000000000000000000e+00
0.000000000000000000e+00
0.000000000000000000e+00
0.000000000000000000e+00
0.000000000000000000e+00
0.000000000000000000e+00
0.000000000000000000e+00
0.000000000000000000e+00
0.000000000000000000e+00
0.000000000000000000e+00
0.000000000000000000e+00
0.000000000000000000e+00
0.000000000000000000e+00
0.000000000000000000e+00
0.000000000000000000e+00
0.000000000000000000e+00
0.000000000000000000e+00
0.000000000000000000e+00
0.000000000000000000e+00
0.000000000000000000e+00
0.000000000000000000e+00
0.000000000000000000e+00
0.000000000000000000e+00
0.000000000000000000e+00
0.000000000000000000e+00
0.000000000000000000e+00
0.000000000000000000e+00
0.000000000000000000e+00
0.000000000000000000e+00
0.000000000000000000e+00
0.000000000000000000e+00
0.000000000000000000e+00
0.000000000000000000e+00
0.000000000000000000e+00
0.000000000000000000e+00
0.000000000000000000e+00
0.000000000000000000e+00
0.000000000000000000e+00
0.000000000000000000e+00
0.000000000000000000e+00
0.000000000000000000e+00
0.000000000000000000e+00
0.000000000000000000e+00
0.000000000000000000e+00
0.000000000000000000e+00
0.000000000000000000e+00
0.000000000000000000e+00
