0.000000000000000000e+00
7.634833520953065999e-08
2.803497300973845086e-08
4.677967901933755002e-09
1.262442261840135416e-09
1.261475657265975769e-08
1.680834174067058484e-07
1.047923933183980694e-07
3.043016389980834902e-07
1.823108362053460496e-07
2.330781969206441318e-06
5.889853425422586497e-06
2.207047796298766684e-06
1.312747106285705456e-05
4.693941035860405009e-08
5.374729508567099856e-06
1.824416711038168160e-07
4.832721967051867296e-07
1.435727687293386623e-06
7.471977976347687900e-07
1.156364593191128165e-06
3.210740457149086069e-05
9.254169157890679287e-05
6.507418163315126236e-05
9.223152055892747114e-05
3.343279923573305723e-05
1.281085248994173753e-07
2.868495210250898708e-07
4.076163373500918397e-08
1.461658495049977802e-05
6.719017463518994759e-07
7.796960497685745395e-06
1.994251499271015859e-06
1.118981982850542067e-06
1.417175821138982883e-09
4.404550240766358371e-05
1.486468492739589919e-07
1.658084956557281942e-05
9.368349744409698587e-06
4.182180723399930855e-06
3.142063056849053737e-06
6.315102236698066918e-07
3.679278565771326726e-05
6.983053060571897674e-06
2.557575662220923363e-05
1.719419879253614170e-06
7.850163186162717466e-09
2.037476437366514403e-05
3.695761255373408716e-05
1.504326447743231654e-06
2.531260159921444597e-06
4.027334443712504708e-08
9.560467755798107703e-05
9.370835574690805636e-02
1.034124069113850908e-03
1.702172602279783398e-04
2.586825171458806416e-03
2.583706750080572156e-03
2.358081118551347277e-03
9.628802698289362638e-04
2.406142466215843712e-06
2.469488985179846274e-03
1.330837461455008919e-02
4.221441705994810611e-03
6.117156437570048233e-04
4.926750808583013619e-03
6.153314776772722539e-03
1.825664977674168465e-03
7.201974808835609476e-03
8.458783703046979241e-05
1.126176855231753038e-04
3.120516915107596212e-02
3.670185731663616613e-02
1.549921381041441393e-02
7.432532480808884401e-04
2.804625579050368245e-05
2.271446746924665749e-02
5.527080646472781744e-03
2.377640124207469619e-01
2.746591526683106466e-03
1.764920895307831028e-03
3.746076885201403694e-01
1.006069784421081970e-04
1.639493083601151202e-01
3.225563011088522503e-02
1.286348544076987288e-02
2.497464138632665698e-03
4.451766017697034172e-03
2.350490987332864989e-04
1.023518732456318858e-03
1.047280537492867314e-03
1.731851599645617412e-04
3.194736651157548124e-05
5.893150023306148455e-06
2.095021605290015021e-03
1.631472956748131198e-02
7.959280640707588894e-02
3.157743554669512065e-01
2.813832288647455382e-03
1.486700564478393716e-02
8.754694738097867912e-04
4.419449220489202190e-03
8.086807952567554025e-05
1.373073709628469530e-04
3.073694762574241679e-04
3.085988142541573609e-04
1.288186447458683492e-02
3.551385120770689241e-03
8.358355777579262735e-03
2.824260700224900944e-03
7.082367934927447095e-04
1.025642195366160969e-03
1.850911726684056902e-04
2.236641300557007384e-04
3.385213798579034261e-05
1.419043640171757659e-04
1.054524608101736760e-04
2.729401414425280947e-02
4.528568326940152211e-03
1.594343831801126044e-05
1.399628963024257544e-03
1.573398466957920405e-03
2.649289645936914184e-03
1.933390458412898028e-04
1.284669285528394767e-05
2.649746860787782765e-04
1.633669812731719517e-04
2.628963471863476897e-04
8.278246059586158445e-03
1.595987502976958794e-04
8.204697643765523907e-05
2.607638803816758610e-03
5.345512665022589260e-05
9.912702571757137093e-05
2.785822582869190711e-04
1.690524259662140594e-02
1.541237777580306556e-03
3.577933733382998582e-04
9.121178057811540896e-03
2.017895409419331321e-01
9.946854969898750731e-01
0.000000000000000000e+00
0.000000000000000000e+00
0.000000000000000000e+00
0.000000000000000000e+00
0.000000000000000000e+00
0.000000000000000000e+00
0.000000000000000000e+00
0.000000000000000000e+00
0.000000000000000000e+00
0.000000000000000000e+00
0.000000000000000000e+00
0.000000000000000000e+00
0.000000000000000000e+00
0.000000000000000000e+00
0.000000000000000000e+00
0.000000000000000000e+00
0.000000000000000000e+00
0.000000000000000000e+00
0.000000000000000000e+00
0.000000000000000000e+00
0.000000000000000000e+00
0.000000000000000000e+00
0.000000000000000000e+00
0.000000000000000000e+00
0.000000000000000000e+00
0.000000000000000000e+00
0.000000000000000000e+00
0.000000000000000000e+00
0.000000000000000000e+00
0.000000000000000000e+00
0.000000000000000000e+00
0.000000000000000000e+00
0.000000000000000000e+00
0.000000000000000000e+00
0.000000000000000000e+00
0.000000000000000000e+00
0.000000000000000000e+00
0.000000000000000000e+00
0.000000000000000000e+00
0.000000000000000000e+00
0.000000000000000000e+00
0.000000000000000000e+00
0.000000000000000000e+00
0.000000000000000000e+00
0.000000000000000000e+00
0.000000000000000000e+00
0.000000000000000000e+00
0.000000000000000000e+00
0.000000000000000000e+00
0.000000000000000000e+00
0.000000000000000000e+00
0.000000000000000000e+00
0.000000000000000000e+00
0.000000000000000000e+00
0.000000000000000000e+00
0.000000000000000000e+00
0.000000000000000000e+00
0.000000000000000000e+00
0.000000000000000000e+00
0.000000000000000000e+00
0.000000000000000000e+00
0.000000000000000000e+00
0.000000000000000000e+00
0.000000000000000000e+00
0.000000000000000000e+00
0.000000000000000000e+00
0.000000000000000000e+00
0.000000000000000000e+00
0.000000000000000000e+00
0.000000000000000000e+00
0.000000000000000000e+00
0.000000000000000000e+00
0.000000000000000000e+00
0.000000000000000000e+00
0.000000000000000000e+00
0.000000000000000000e+00
0.000000000000000000e+00
0.000000000000000000e+00
0.000000000000000000e+00
0.000000000000000000e+00
0.000000000000000000e+00
0.000000000000000000e+00
0.000000000000000000e+00
0.000000000000000000e+00
0.000000000000000000e+00
0.000000000000000000e+00
0.000000000000000000e+00
0.000000000000000000e+00
0.000000000000000000e+00
0.000000000000000000e+00
0.000000000000000000e+00
0.000000000000000000e+00
0.000000000000000000e+00
0.000000000000000000e+00
0.000000000000000000e+00
0.000000000000000000e+00
0.000000000000000000e+00
0.000000000000000000e+00
0.000000000000000000e+00
0.000000000000000000e+00
0.000000000000000000e+00
0.000000000000000000e+00
0.000000000000000000e+00
0.000000000000000000e+00
0.000000000000000000e+00
0.000000000000000000e+00
0.000000000000000000e+00
0.000000000000000000e+00
0.000000000000000000e+00
0.000000000000000000e+00
0.000000000000000000e+00
0.000000000000000000e+00
0.000000000000000000e+00
0.000000000000000000e+00
0.000000000000000000e+00
