-1.422201208086976365e+00
-1.422346145231247361e+00
-1.422388467285566005e+00
-1.422405715690354899e+00
-1.424248600136925225e+00
-1.424802560174551536e+00
-1.425140644826023983e+00
-1.425766359901552871e+00
-1.425897177413738781e+00
-1.425480842362659484e+00
-1.453174674413419076e+00
-1.463771428596642998e+00
-1.464349761480196355e+00
-1.464284543097284175e+00
-1.464297949685863021e+00
-1.467530450277333864e+00
-1.467778476200466420e+00
-1.468020385454575916e+00
-1.468136337877647968e+00
-1.468419181048290945e+00
-1.468881565773370701e+00
-1.468841424332410384e+00
-1.469214545728930066e+00
-1.469213287311161187e+00
-1.469276893380202065e+00
-1.469578589527755774e+00
-1.469840447691802776e+00
-1.470020281009475349e+00
-1.470467914052978831e+00
-1.472855173451141253e+00
-1.472851455516384966e+00
-1.473148533934435678e+00
-1.474190800068718499e+00
-1.475257129430883385e+00
-1.475651203249223720e+00
-1.476927220221204928e+00
-1.477285466236158751e+00
-1.478542667070516181e+00
-1.478612763621157900e+00
-1.479374281199412611e+00
-1.484895564417152203e+00
-1.484912022392026021e+00
-1.485578832197738119e+00
-1.485581441176373030e+00
-1.485859100607445082e+00
-1.486016335770315111e+00
-1.486155518302879619e+00
-1.486174215416391498e+00
-1.486805611802270333e+00
-1.488097664902570116e+00
-1.500902252467657627e+00
-1.502721673602675834e+00
-1.582480982935259739e+00
-1.685200629876734579e+00
-1.685202540927337234e+00
-1.685255166216149458e+00
-1.686059792680244751e+00
-1.688554205357399196e+00
-1.697388274432417132e+00
-1.697827219056725401e+00
-1.698714374541802741e+00
-1.705122687430509210e+00
-1.706595336749908043e+00
-1.711008806931662907e+00
-1.712076950817127852e+00
-1.724442034090389209e+00
-1.724688349736136050e+00
-1.724808687176672795e+00
-1.725154028203006007e+00
-1.726297301727556910e+00
-1.743915041877297956e+00
-1.755991806977231118e+00
-1.756046500036569480e+00
-1.758367649426290313e+00
-1.759779881706462712e+00
-1.760011661249698989e+00
-1.775809753478255537e+00
-1.775938345066365720e+00
-1.775973497100685305e+00
-1.775973529508952042e+00
-1.777258726173612580e+00
-1.828475243848947329e+00
-1.829151669857798979e+00
-1.831375809611561989e+00
-1.853444100894652280e+00
-1.853747198787783379e+00
-1.854138316985715518e+00
-1.854150292456922422e+00
-1.854420701486111378e+00
-1.855708922685627371e+00
-1.855746038755842653e+00
-1.855755602723529130e+00
-1.855778365890501380e+00
-1.855847371875375851e+00
-1.856144633030329949e+00
-1.857105551264507604e+00
-1.857479931507737714e+00
-1.860665354649974956e+00
-1.860887055506461829e+00
-1.863467328159675418e+00
-1.863704368955402702e+00
-1.864169935531111655e+00
-1.864271525853236966e+00
-1.865062497534052177e+00
-1.864507898915368056e+00
-1.864597543747145370e+00
-1.864991353403008256e+00
-1.864972897494066695e+00
-1.864984949045480178e+00
-1.865000986308841258e+00
-1.865248079451582663e+00
-1.865485477063207664e+00
-1.865673654136533965e+00
-1.865497444032487184e+00
-1.865496532146987185e+00
-1.865511281470461524e+00
-1.865774887485021294e+00
-1.866695925312144677e+00
-1.866723851884064977e+00
-1.866957828111422302e+00
-1.867120548076674158e+00
-1.867193558750719129e+00
-1.867195935556827502e+00
-1.867205047843241372e+00
-1.867266874850566749e+00
-1.867265201369520788e+00
-1.867267862212932616e+00
-1.867492534725523123e+00
-1.867746040829035614e+00
-1.867769500824571605e+00
-1.867806194313229362e+00
-1.867850809672950252e+00
-1.867893400530434622e+00
-1.868245684797284145e+00
-1.868339721915273532e+00
-1.868276708957292476e+00
-1.868341883960020322e+00
-1.870260795086513106e+00
-1.870403852380697174e+00
-1.870445556982157420e+00
-1.870721619092832633e+00
-1.870729026610209011e+00
-1.870959595343689053e+00
-1.871089135777580736e+00
-1.871070428583125445e+00
-1.871402931531563230e+00
-1.871875104267201273e+00
-1.871885637507615829e+00
-1.871953034980066377e+00
-1.872095246599442486e+00
-1.872110229168713724e+00
-1.872125256841992158e+00
-1.872349994435298814e+00
-1.872374500578916967e+00
-1.872383707448727730e+00
-1.872400823269826597e+00
-1.872442621491424042e+00
-1.872533327299369832e+00
-1.872775239744062903e+00
-1.872775031050940786e+00
-1.872767778282423023e+00
-1.872971149647420841e+00
-1.873206816091396831e+00
-1.873213099957417249e+00
-1.873261298744673065e+00
-1.873348536910215634e+00
-1.873362528124638660e+00
-1.873359489424744506e+00
-1.873363577334402397e+00
-1.873371442350658889e+00
-1.873516199806446902e+00
-1.873517264000003957e+00
-1.873574173358005135e+00
-1.873598093577795609e+00
-1.873581855098644500e+00
-1.873623468342060061e+00
-1.873658549905952597e+00
-1.873666432227042877e+00
-1.873676460336917149e+00
-1.873723442136269846e+00
-1.873722404449512657e+00
-1.873737992633814020e+00
-1.873738227613175544e+00
-1.873764066307891385e+00
-1.873858053627887488e+00
-1.873852045243012521e+00
-1.873868292170826955e+00
-1.873868605889384753e+00
-1.873857950365740876e+00
-1.873842035293558528e+00
-1.873899474402929144e+00
-1.873899963564209958e+00
-1.873935485959011382e+00
-1.873947414969329817e+00
-1.873923577159046783e+00
-1.873920126195073532e+00
-1.873942864842585099e+00
-1.873945789142175133e+00
-1.874050461409880963e+00
-1.874054790230437195e+00
-1.874063835780595877e+00
-1.874096397428225202e+00
-1.872505898071030961e+00
-1.872559029666714725e+00
-1.872584520220466064e+00
-1.872588232522612639e+00
-1.872652426144914450e+00
-1.873111256934182567e+00
-1.873113567906836252e+00
-1.873114785804268489e+00
-1.873132600165464456e+00
-1.873132564058409777e+00
-1.873146644624729795e+00
-1.873267509286454580e+00
-1.873509384869552541e+00
-1.873577272564960428e+00
-1.873685065589705268e+00
-1.873805686909143065e+00
-1.874220443684457837e+00
-1.874389580327739058e+00
-1.875132609420759433e+00
-1.876866531402414662e+00
-1.877495120947602736e+00
-1.877638116781640720e+00
-1.878296563105964267e+00
-1.878704531529271637e+00
-1.878819940065085348e+00
-1.879065711611054290e+00
-1.879071718390489254e+00
-1.879092020723208023e+00
-1.879103337491196068e+00
-1.879198745938662096e+00
-1.879223012456579855e+00
-1.879242935573441908e+00
-1.879247528824537383e+00
-1.879205912663462374e+00
-1.879206861479445712e+00
-1.879237078105210124e+00
-1.879236509792099552e+00
-1.879235523591954671e+00
-1.879248592840918164e+00
-1.879270081448121132e+00
-1.879152312504027034e+00
-1.879152202040347497e+00
-1.879167733490631598e+00
-1.879271735474359550e+00
-1.879263806006023607e+00
-1.879259476677941354e+00
-1.879268743460953850e+00
-1.879273521266370706e+00
-1.879274674781194143e+00
-1.879293623547129366e+00
-1.879298342081211715e+00
-1.879305527969994394e+00
-1.879306563061045043e+00
-1.877851434355974014e+00
-1.877851434355609417e+00
-1.879306563061245106e+00
-1.879305527969963530e+00
-1.879298342081234363e+00
-1.879293623547129810e+00
-1.879274674781191479e+00
-1.879273521266368707e+00
-1.879268743460957847e+00
-1.879259446643115394e+00
-1.879263805752247940e+00
-1.879271735474358440e+00
-1.879167733490629599e+00
-1.879166040720224640e+00
-1.879152365071990349e+00
-1.879270081448122909e+00
-1.879248594941230532e+00
-1.879239581926826830e+00
-1.879236512231031053e+00
-1.879237078105208791e+00
-1.879206861469635337e+00
-1.879205912292478908e+00
-1.879247528824538493e+00
-1.879242935573436357e+00
-1.879223012456570530e+00
-1.879198745938653214e+00
-1.879103337491212944e+00
-1.879092020723204470e+00
-1.879071718390490586e+00
-1.879065711611066281e+00
-1.878819940065071137e+00
-1.878704531529268529e+00
-1.878296563105958272e+00
-1.877638116781642719e+00
-1.877495120947601404e+00
-1.876866531402414440e+00
-1.875132609420758323e+00
-1.874389664306897796e+00
-1.874220443684457393e+00
-1.873805686909145285e+00
-1.873685065589717036e+00
-1.873577272564950880e+00
-1.873509384869550543e+00
-1.873267509286457910e+00
-1.873146644624735124e+00
-1.873132565881216127e+00
-1.873132600166598660e+00
-1.873114809638641187e+00
-1.873113567912023214e+00
-1.873111256931168089e+00
-1.872645835399500358e+00
-1.872588232525797869e+00
-1.872584520219355397e+00
-1.872559029667226316e+00
-1.872505898071159525e+00
-1.874096397428155480e+00
-1.874063835780701792e+00
-1.874055031740805122e+00
-1.874050461409854318e+00
-1.873945789142163587e+00
-1.873942864842587541e+00
-1.873920126195072644e+00
-1.873923577159046339e+00
-1.873947414969332037e+00
-1.873935485959010938e+00
-1.873899964552674380e+00
-1.873899474402921150e+00
-1.873842035293585395e+00
-1.873857954465328657e+00
-1.873868686157717178e+00
-1.873868292170824956e+00
-1.873852068878688382e+00
-1.873858053627895037e+00
-1.873764066307935572e+00
-1.873738227613258811e+00
-1.873737981368710281e+00
-1.873722787522767996e+00
-1.873723442136218331e+00
-1.873676460337147187e+00
-1.873666432227250933e+00
-1.873658549905551141e+00
-1.873623468342418885e+00
-1.873619392028880615e+00
-1.873598093578521917e+00
-1.873574173357590134e+00
-1.873517263999693760e+00
-1.873516199806423366e+00
-1.873371442350644456e+00
-1.873363577334388186e+00
-1.873359489424730295e+00
-1.873362528124636439e+00
-1.873348536910171447e+00
-1.873261298744671510e+00
-1.873213099957420802e+00
-1.873206816091395721e+00
-1.872971149647427502e+00
-1.872767778282412143e+00
-1.872775031050914585e+00
-1.872775239744077780e+00
-1.872533327299372274e+00
-1.872442621491422265e+00
-1.872400823269829484e+00
-1.872383707448725065e+00
-1.872374500578914969e+00
-1.872349994435304144e+00
-1.872125256841995489e+00
-1.872110229168711726e+00
-1.872095246599445817e+00
-1.871953034980066821e+00
-1.871885637507616496e+00
-1.871875104267197498e+00
-1.871402931531568559e+00
-1.871070428583173406e+00
-1.871089135777554535e+00
-1.870959595343710369e+00
-1.870729026610173040e+00
-1.870721619092828414e+00
-1.870445556982152757e+00
-1.870403852380697174e+00
-1.870260795086513550e+00
-1.870815914243840528e+00
-1.871226136337492907e+00
-1.872102322830822452e+00
-1.871744205853356657e+00
-1.871392093665721568e+00
-1.872075978159318810e+00
-1.872132348196365426e+00
-1.872077721683790497e+00
-1.872212858866132645e+00
-1.871864083332439144e+00
-1.871643640262937947e+00
-1.871617018176716662e+00
-1.871625422679608963e+00
-1.871590656112130269e+00
-1.871553838916641732e+00
-1.871594901943923972e+00
-1.871960040536827741e+00
-1.871887880563986473e+00
-1.871742950204996703e+00
-1.871745771508400491e+00
-1.870931217297977511e+00
-1.870535823395739872e+00
-1.870487389621260155e+00
-1.870527576392317037e+00
-1.870685667933893237e+00
-1.871454981553541952e+00
-1.870585871932104460e+00
-1.870294661230109901e+00
-1.870081854729086057e+00
-1.870169895510386038e+00
-1.870460050086055759e+00
-1.870082266751215805e+00
-1.870118482295214601e+00
-1.870652083644074981e+00
-1.870799299224340073e+00
-1.871185416389755218e+00
-1.870521726540657514e+00
-1.871072236675044742e+00
-1.870895678853641719e+00
-1.870849655758260566e+00
-1.871545531846209753e+00
-1.871248573776155943e+00
-1.871437998006286296e+00
-1.871453478061802400e+00
-1.871473930320874945e+00
-1.871721236901721319e+00
-1.871681840338734748e+00
-1.871748569679973606e+00
-1.871561180733334773e+00
-1.871793417606215204e+00
-1.872056712994883521e+00
-1.871437135373285265e+00
-1.872495288371717415e+00
-1.871580028074045776e+00
-1.872005200650560530e+00
-1.872779292599470402e+00
-1.873866557447671832e+00
-1.873932994193449275e+00
-1.873933012556444178e+00
-1.873941741871067546e+00
-1.874783336521447019e+00
-1.874528176662888068e+00
-1.874603492221190049e+00
-1.876681338730003867e+00
-1.874401021144812773e+00
-1.873223161398659187e+00
-1.874943601609661448e+00
-1.874986784096515979e+00
-1.874949395324281731e+00
-1.875244720871816373e+00
-1.875447819596123056e+00
-1.875568060028436346e+00
-1.875924949941882636e+00
-1.876278112784043994e+00
-1.878578352670524199e+00
-1.878886663681443636e+00
-1.878551685892939638e+00
-1.878594363918302701e+00
-1.878597891721670798e+00
-1.878653904519857587e+00
-1.878784876445723784e+00
-1.878663069284831177e+00
-1.878664944137154791e+00
-1.879321339926245615e+00
-1.876985126149188776e+00
-1.876752339437978145e+00
-1.877096555851005988e+00
-1.876981693407660412e+00
-1.877374409759607676e+00
-1.876817591222247117e+00
-1.876819933654403139e+00
-1.876794600894103660e+00
-1.877004539590039212e+00
-1.877006533199105487e+00
-1.877139220064392600e+00
-1.877141044697537176e+00
-1.877195995140850338e+00
-1.877064641373596743e+00
-1.877422330852317689e+00
-1.877197073264561755e+00
-1.877195291153686663e+00
-1.877185258297983550e+00
-1.877189699552135771e+00
-1.877264985475394443e+00
-1.877366419913839568e+00
-1.877378536328400793e+00
-1.877366071480339516e+00
-1.877479813070678016e+00
-1.877448319317952752e+00
-1.877428180856824724e+00
-1.877426173393982989e+00
-1.877510487149566032e+00
-1.877679376257115562e+00
-1.877589820960278377e+00
-1.877711645541134011e+00
-1.877894341855779192e+00
-1.877840754292050107e+00
-1.877931796814303667e+00
-1.877946389537729743e+00
-1.877946539134083936e+00
-1.877978776310031517e+00
-1.877999162061120941e+00
-1.878010702228086304e+00
-1.878003735017233389e+00
-1.877738996543624417e+00
-1.878132757073987413e+00
-1.878107671372208909e+00
-1.878128377030059415e+00
-1.878137386482406912e+00
-1.878196118956226623e+00
-1.878274629447829636e+00
-1.878288962748962287e+00
-1.878263862839743670e+00
-1.878275036966706946e+00
-1.878317333297403025e+00
-1.878385200371404551e+00
-1.878400454162943101e+00
-1.877840853555411860e+00
-1.877823845287258209e+00
-1.877792525152109482e+00
-1.877767551976734284e+00
-1.877791667363942096e+00
-1.877801141878461033e+00
-1.877798058539176917e+00
-1.877774420976022540e+00
-1.877749407474065935e+00
-1.877749238653016128e+00
-1.877774930873538750e+00
-1.877637330258919546e+00
-1.877512114548169908e+00
-1.877513713364286740e+00
-1.877521447762970253e+00
-1.877502689355102339e+00
-1.877468511043917543e+00
-1.877486970373853703e+00
-1.877474058140331525e+00
-1.877423019070789234e+00
-1.877328361265932610e+00
-1.877328143573265162e+00
-1.877117339036100452e+00
-1.877113453011595601e+00
-1.877130198103523995e+00
-1.877029759427225386e+00
-1.877067585676042816e+00
-1.877059292344791741e+00
-1.877099141436536778e+00
-1.877097798175807686e+00
-1.876459953386181434e+00
-1.876463099690512504e+00
-1.876426155934557416e+00
-1.876404885667685374e+00
-1.876353262169861758e+00
-1.876425542522572210e+00
-1.876352293406310157e+00
-1.876430562465252194e+00
-1.876335080185228099e+00
-1.876221448570090988e+00
-1.876529362336785134e+00
-1.876388185627368976e+00
-1.876427698179245818e+00
-1.876351891568846630e+00
-1.876348628056496715e+00
-1.876326601580922793e+00
-1.876330469216554109e+00
-1.876325335389766868e+00
-1.876327805350519462e+00
-1.876491385983298787e+00
-1.876361677408124429e+00
-1.875658113386114323e+00
-1.875913143915969972e+00
-1.875473967170473211e+00
-1.875488900295963379e+00
-1.875475317177306644e+00
-1.875729325203006947e+00
-1.875689092649556855e+00
-1.875716561309461738e+00
-1.875444197122819290e+00
-1.875496804098493842e+00
-1.876577857397604632e+00
-1.876750429749435733e+00
-1.875848684508190534e+00
-1.875591835055303136e+00
-1.875559805329665597e+00
-1.875447893195728133e+00
-1.875316911859991276e+00
-1.875045746399797819e+00
-1.875070229918857301e+00
-1.875203559815523002e+00
-1.876466504916356248e+00
-1.875624401333123359e+00
-1.875717389089978315e+00
-1.874468130335826599e+00
-1.874432905868292920e+00
-1.875730760984248402e+00
-1.874506913927709517e+00
-1.874453607196750582e+00
-1.874455771633315226e+00
-1.874904510106063960e+00
-1.875103551053902917e+00
-1.874222852346323798e+00
-1.874376160100934996e+00
-1.875392227030654446e+00
-1.874481188462239434e+00
-1.875310195245049272e+00
-1.875458199725536179e+00
-1.875526345278660578e+00
-1.875156777581330925e+00
-1.875167061534895430e+00
-1.875260933578650757e+00
-1.875215442026657131e+00
-1.875020388657588022e+00
-1.875106920859562099e+00
-1.874858040397189285e+00
-1.875137118664387703e+00
-1.874373441205605229e+00
-1.873800647966637145e+00
-1.873941309985685422e+00
-1.873946650559823901e+00
-1.874445158913626619e+00
-1.874339590963226776e+00
-1.874240515989421763e+00
-1.874763977915994584e+00
-1.874802742152928747e+00
-1.875296010808805924e+00
-1.875314327037249651e+00
-1.873603196069148824e+00
-1.873958399303915723e+00
-1.874352963251176396e+00
-1.875226054772958229e+00
-1.874053686222523663e+00
-1.873888581483297955e+00
-1.873884469886833326e+00
-1.873917161443714896e+00
-1.873904315977142465e+00
-1.874186700125166638e+00
-1.874031483194504411e+00
-1.874077779222161455e+00
-1.874414754406040773e+00
-1.873923831541734364e+00
-1.873851000529038302e+00
-1.873864869309664893e+00
-1.873944052238853297e+00
-1.873981817639192027e+00
-1.874103955683934286e+00
-1.874188803943939607e+00
-1.874356452975197929e+00
-1.874327035922085827e+00
-1.874375792985044420e+00
-1.874338134331825945e+00
-1.873744303402629541e+00
-1.873802146138039637e+00
-1.874231911803758699e+00
-1.873357574391342428e+00
-1.872829000413286815e+00
-1.872231156701640531e+00
-1.872421663175072748e+00
-1.872457522729479074e+00
-1.872621834799732321e+00
-1.872690422007907252e+00
-1.872932938103367251e+00
-1.873260434823320830e+00
-1.873242131743655170e+00
-1.873515513781920605e+00
-1.873864759858620221e+00
-1.873721693143415967e+00
-1.873792794037660414e+00
-1.873930537942680941e+00
-1.873989077772173051e+00
-1.873993189596199205e+00
-1.874445957585431977e+00
-1.874466504188534888e+00
-1.874477139550227101e+00
-1.874468882686166182e+00
-1.874532112048665544e+00
-1.874565623163501060e+00
-1.874721071761836333e+00
-1.874732802197276227e+00
-1.874639615189976460e+00
-1.874880602453596001e+00
-1.874966530807301801e+00
-1.874980151453537580e+00
-1.874959218179554465e+00
-1.874979388753838627e+00
-1.874990357460178281e+00
-1.874992183738829254e+00
-1.874993257970090532e+00
-1.874993958346584666e+00
-1.875089630812806440e+00
-1.875090280688107125e+00
-1.875163000449301176e+00
-1.875288637749499276e+00
-1.875271816559499483e+00
-1.875265602610138416e+00
-1.875344560461864152e+00
-1.875371796953207770e+00
-1.875381013188704760e+00
-1.875409166148132023e+00
-1.875549770056022636e+00
-1.875422510815972332e+00
-1.875451590830297555e+00
-1.875458980979110457e+00
-1.875598759032107044e+00
-1.875599645930821957e+00
-1.875608654814144405e+00
-1.875481494047362307e+00
-1.875478598252108053e+00
-1.875493902393704726e+00
-1.875517909986141429e+00
-1.875518205221379464e+00
-1.875527252822737356e+00
-1.875549386522041395e+00
-1.875536353767550901e+00
-1.875539963683384936e+00
-1.875598333007493679e+00
-1.875599926901404313e+00
-1.875684319960367219e+00
-1.875686516636214662e+00
-1.875689133944509202e+00
-1.875712847541532557e+00
-1.875715271044022137e+00
-1.875720674268600785e+00
-1.875728259111719698e+00
-1.875739690006170024e+00
-1.875854197266036527e+00
-1.875871991764324065e+00
-1.875830060419172884e+00
-1.875829825536919682e+00
-1.875835190784521433e+00
-1.875835269069088485e+00
-1.875803649554494523e+00
-1.875986142167822113e+00
-1.876099939496710389e+00
-1.876230168306204593e+00
-1.876330818463181505e+00
-1.876467231960777360e+00
-1.876783092396773434e+00
-1.877318249348211010e+00
-1.878170371034210806e+00
-1.879458033641876913e+00
-1.880245036606101428e+00
-1.880362250921208567e+00
-1.880977110479796099e+00
-1.881452470975692348e+00
-1.881573248588690905e+00
-1.881698655392946673e+00
-1.881679226755903933e+00
-1.881686670050788823e+00
-1.881692083978720786e+00
-1.881704018656469968e+00
-1.881709370507437473e+00
-1.881784418986524265e+00
-1.881804384076855241e+00
-1.881809007544999801e+00
-1.881811590494096409e+00
-1.881836550282656173e+00
-1.881840542815258477e+00
-1.881842555728670208e+00
-1.881835433407802016e+00
-1.881867203890039253e+00
-1.881880837680607765e+00
-1.881876896506151198e+00
-1.881883514684357106e+00
-1.881937815600466024e+00
-1.881930081863473214e+00
-1.881926225090688298e+00
-1.881935464695868365e+00
-1.881891908204269104e+00
-1.881892732288032999e+00
-1.881915884163589237e+00
-1.881921480643013123e+00
-1.881925697585083768e+00
-1.881926210017665246e+00
-1.878236454535483713e+00
-1.878236454535198163e+00
-1.881926210017822232e+00
-1.881925697585061119e+00
-1.881921480642984257e+00
-1.881915884163590125e+00
-1.881892732288031667e+00
-1.881891908204269548e+00
-1.881935464695869920e+00
-1.881926225423619981e+00
-1.881930092512519082e+00
-1.881937815600465580e+00
-1.881883514684356662e+00
-1.881889835033942804e+00
-1.881880809419280043e+00
-1.881867203890032814e+00
-1.881835429634414636e+00
-1.881842555728668875e+00
-1.881840542815257145e+00
-1.881836550282664611e+00
-1.881811590494086639e+00
-1.881809007544999801e+00
-1.881804384076847025e+00
-1.881784418986521823e+00
-1.881709370507421264e+00
-1.881704018656484401e+00
-1.881692083978712571e+00
-1.881686670050790156e+00
-1.881679226755909706e+00
-1.881698655392921582e+00
-1.881573248588687131e+00
-1.881452470975712332e+00
-1.880977110479796988e+00
-1.880362250921208567e+00
-1.880245036606104314e+00
-1.879458033641881798e+00
-1.878170371034216135e+00
-1.877318253540416038e+00
-1.876783092396770769e+00
-1.876467231960780246e+00
-1.876330818463169958e+00
-1.876230168306217472e+00
-1.876099939496711944e+00
-1.875986142167821891e+00
-1.875803649554494079e+00
-1.875835269287684959e+00
-1.875835190781436346e+00
-1.875829822920649148e+00
-1.875830060408486766e+00
-1.875871991764794355e+00
-1.875854197266620282e+00
-1.875739690005259419e+00
-1.875728259112789953e+00
-1.875720674267770782e+00
-1.875715271043675081e+00
-1.875712847541504136e+00
-1.875689133944529186e+00
-1.875690725977282813e+00
-1.875684319960015944e+00
-1.875599926901404757e+00
-1.875598333007526985e+00
-1.875539963683398259e+00
-1.875536353767552233e+00
-1.875549386522028517e+00
-1.875527252822765778e+00
-1.875518204203526995e+00
-1.875517909986142540e+00
-1.875493902393707835e+00
-1.875479829369268714e+00
-1.875481494142150041e+00
-1.875608654814167497e+00
-1.875599654352857026e+00
-1.875598759032087504e+00
-1.875458980979199719e+00
-1.875451590830288229e+00
-1.875422532454972702e+00
-1.875549770056017085e+00
-1.875409166148146234e+00
-1.875381013188700985e+00
-1.875371796953207548e+00
-1.875344560461871923e+00
-1.875265602610131310e+00
-1.875313250390458375e+00
-1.875288637750692322e+00
-1.875163000448218931e+00
-1.875090280688756161e+00
-1.875089630812829533e+00
-1.874993958346576228e+00
-1.874993257970094973e+00
-1.874992183738833695e+00
-1.874990357460181389e+00
-1.874979388753848841e+00
-1.874959218179555576e+00
-1.874980151453540245e+00
-1.874966530807301357e+00
-1.874880602453578682e+00
-1.874640749397136652e+00
-1.874732802197228487e+00
-1.874721071761855651e+00
-1.874565623163501060e+00
-1.874532112048663546e+00
-1.874468882686166182e+00
-1.874477139550226212e+00
-1.874466504188533111e+00
-1.874445957585429756e+00
-1.873993189596207642e+00
-1.873989077772179934e+00
-1.873930537942679164e+00
-1.873792794037660192e+00
-1.873721693143415301e+00
-1.873864759858620443e+00
-1.873515513781919939e+00
-1.873242131743635630e+00
-1.873260434823323051e+00
-1.872932938103379907e+00
-1.872690422007911693e+00
-1.872621834799758300e+00
-1.873176114653229973e+00
-1.873218360128257931e+00
-1.873533219082210266e+00
-1.873215598654112579e+00
-1.873600497672077037e+00
-1.874250569593677529e+00
-1.873844242871408383e+00
-1.873794039827920255e+00
-1.874441472863821012e+00
-1.874351258666206554e+00
-1.874190248885184928e+00
-1.874260276476261478e+00
-1.874108133109914087e+00
-1.874020880122279520e+00
-1.873885183976498503e+00
-1.873874140575984448e+00
-1.873862097452003272e+00
-1.873795708544034877e+00
-1.873852458948004784e+00
-1.874321359529086628e+00
-1.873975830102433404e+00
-1.873974065482380436e+00
-1.874064363344346118e+00
-1.873561872528400229e+00
-1.873641916324221945e+00
-1.873591137371892756e+00
-1.873617685839481295e+00
-1.873789675633779073e+00
-1.875103052138323179e+00
-1.875177859377468392e+00
-1.874768179552763758e+00
-1.874977257132291353e+00
-1.875102410477821113e+00
-1.875499931393006747e+00
-1.874656686179386078e+00
-1.874453804659247380e+00
-1.874397433355759812e+00
-1.873890236096217299e+00
-1.873865476597183832e+00
-1.872820548008091723e+00
-1.872731815866640837e+00
-1.872666183724638778e+00
-1.873183581345141402e+00
-1.873784242262975575e+00
-1.874268376525358049e+00
-1.874454287625247240e+00
-1.874281964764754171e+00
-1.874240042492576030e+00
-1.874661059361184545e+00
-1.874593658543530328e+00
-1.874777508894617917e+00
-1.874765633178370194e+00
-1.874672646596816872e+00
-1.875059753708672616e+00
-1.875456746246029649e+00
-1.876225700822974130e+00
-1.875052522567704383e+00
-1.875218528495606662e+00
-1.875159055019014920e+00
-1.875468869249035109e+00
-1.875463681881072375e+00
-1.875462494731613194e+00
-1.875357982382492850e+00
-1.876113826125915818e+00
-1.876238484732636325e+00
-1.876302113884055434e+00
-1.877250322585814590e+00
-1.877626468407485483e+00
-1.878230211072982936e+00
-1.878373029927188131e+00
-1.878434637616985814e+00
-1.878494145611858901e+00
-1.878767412397662095e+00
-1.878939691030375725e+00
-1.879104584175095294e+00
-1.879424667272308724e+00
-1.879738191445183837e+00
-1.881194473196108774e+00
-1.881366408117519651e+00
-1.881490813259642181e+00
-1.881360155410261470e+00
-1.881464664012678867e+00
-1.881262135343343633e+00
-1.879922043337733495e+00
-1.880176683827488926e+00
-1.880160776373775988e+00
-1.880160936340564692e+00
-1.880308618675907706e+00
-1.880430830692640720e+00
-1.880364669458516769e+00
-1.880424409221232551e+00
-1.880444938681709477e+00
-1.880454601420145089e+00
-1.880451934536289782e+00
-1.880452850289147548e+00
-1.880506807546133086e+00
-1.880516967696046926e+00
-1.880565241624806871e+00
-1.880566762455171848e+00
-1.880588528799060466e+00
-1.880590920105621011e+00
-1.880692226349624185e+00
-1.880710276769847145e+00
-1.880706362192388070e+00
-1.880744374545037179e+00
-1.880744023743533777e+00
-1.880748391491108062e+00
-1.880802909172376136e+00
-1.880846271167077921e+00
-1.880850271637751536e+00
-1.880900019323489047e+00
-1.880898977105010861e+00
-1.880904928051771119e+00
-1.880903213557354459e+00
-1.880962242493914971e+00
-1.881101071801577040e+00
-1.881099544324939643e+00
-1.881123439665399744e+00
-1.881163422261131757e+00
-1.881163657464338890e+00
-1.881170543443917875e+00
-1.881174380316332329e+00
-1.881181210872461707e+00
-1.881192676815114373e+00
-1.881207183351429890e+00
-1.881214775530308803e+00
-1.881215352851326905e+00
-1.881220832939154874e+00
-1.881294948963430080e+00
-1.881337566167286646e+00
-1.881344975319807045e+00
-1.881357369131224644e+00
-1.881397520564263015e+00
-1.881461442110162974e+00
-1.881463259906029029e+00
-1.881463289659633720e+00
-1.881469894196620585e+00
-1.881510471865800449e+00
-1.881526335719333920e+00
-1.881505442863318223e+00
