-1.422201208086976365e+00
-1.422347263873406487e+00
-1.422389954404425394e+00
-1.422412761789110247e+00
-1.424242902309156511e+00
-1.425407819946277632e+00
-1.425746005330106758e+00
-1.426512958436306988e+00
-1.426636225945133729e+00
-1.426661022736609441e+00
-1.452787000937284301e+00
-1.463179972239375237e+00
-1.463725612505925699e+00
-1.463824615388321204e+00
-1.463610295872484812e+00
-1.467059488735875217e+00
-1.467447465706238852e+00
-1.467575368948702774e+00
-1.467670439566750806e+00
-1.467887529972223160e+00
-1.468378853041178767e+00
-1.468508381336090185e+00
-1.468928454925090943e+00
-1.468916970596055860e+00
-1.468906881253861041e+00
-1.469472529397609861e+00
-1.469616304650626315e+00
-1.469790571642980437e+00
-1.469948694219117336e+00
-1.472599480064213484e+00
-1.468339486665975580e+00
-1.468610784636724453e+00
-1.469777018535434854e+00
-1.470050361738171052e+00
-1.470400525584116158e+00
-1.470665422533455891e+00
-1.470479687487560527e+00
-1.472511151583971944e+00
-1.472591376827137033e+00
-1.472824690166206318e+00
-1.474594693050109040e+00
-1.477190164285537399e+00
-1.469977933058385533e+00
-1.477688130783353149e+00
-1.477794105272128622e+00
-1.477937733714493884e+00
-1.477745360598766933e+00
-1.477824869952422793e+00
-1.478774356442127180e+00
-1.477752801534914617e+00
-1.481922472203902608e+00
-1.481959218666380140e+00
-1.549512801561918174e+00
-1.660428481753902563e+00
-1.660430516533378587e+00
-1.660488124589694747e+00
-1.662223653201821749e+00
-1.665926532522577386e+00
-1.677886809805456902e+00
-1.677898983326887805e+00
-1.678072027335718364e+00
-1.686508605257612370e+00
-1.686252742822902828e+00
-1.691322414549354836e+00
-1.688521055315271635e+00
-1.705821553280077563e+00
-1.706074787327919617e+00
-1.706122730177931812e+00
-1.706048903000443318e+00
-1.706809216937779983e+00
-1.726464922166678573e+00
-1.742331961780299032e+00
-1.742672648052740136e+00
-1.746822200961961613e+00
-1.746962300574057991e+00
-1.746935750960876721e+00
-1.767390105713834147e+00
-1.767394893339299111e+00
-1.767519645088965419e+00
-1.767519434119501076e+00
-1.767417824999397924e+00
-1.826327261959338033e+00
-1.826919614719643370e+00
-1.829323204961500915e+00
-1.839320517857981230e+00
-1.840061763068411960e+00
-1.840103839589326551e+00
-1.840412090526763356e+00
-1.840766084339609865e+00
-1.841451093469864242e+00
-1.841457406723355561e+00
-1.841548800583295620e+00
-1.841618182350979627e+00
-1.841713608074692088e+00
-1.841760143695823970e+00
-1.842486320344885797e+00
-1.842663631987163875e+00
-1.848521288157138009e+00
-1.849102388233548666e+00
-1.852129622590805047e+00
-1.852383029930976477e+00
-1.852539110423494284e+00
-1.852577724981143703e+00
-1.853133910333111034e+00
-1.852517536429788336e+00
-1.852544265055772410e+00
-1.852828426605744205e+00
-1.852803535662051582e+00
-1.852878993981907474e+00
-1.852938258890761691e+00
-1.846159409112029248e+00
-1.848841222952328778e+00
-1.849164905038805262e+00
-1.849143671939387668e+00
-1.849155198119093235e+00
-1.849240802545978779e+00
-1.849365412519728746e+00
-1.850322015478594651e+00
-1.850436907671004105e+00
-1.850752829665291088e+00
-1.851032536149388230e+00
-1.851442611078726319e+00
-1.851487747587939436e+00
-1.851534885867063274e+00
-1.851533955367319573e+00
-1.851540052107705225e+00
-1.851633915715561685e+00
-1.851784053471875691e+00
-1.851949453774259569e+00
-1.851962999567902779e+00
-1.851985658295363768e+00
-1.852045582954794822e+00
-1.852327937510667599e+00
-1.852726732610839644e+00
-1.852822585706803027e+00
-1.852769104542287160e+00
-1.852827363768026370e+00
-1.855501600898734615e+00
-1.855950884111345012e+00
-1.855972916946865947e+00
-1.856387853502835750e+00
-1.856503850183214954e+00
-1.857007322322500542e+00
-1.857201433278312663e+00
-1.857168820093486827e+00
-1.857591632176274210e+00
-1.858206735361435991e+00
-1.858292910244208951e+00
-1.858379074067735726e+00
-1.858791589271397759e+00
-1.858817609235435153e+00
-1.858846638827445163e+00
-1.859170531795182990e+00
-1.859252433296707752e+00
-1.859281504721140177e+00
-1.859281976411871984e+00
-1.859377644810653596e+00
-1.859510026640113223e+00
-1.859671393294461961e+00
-1.859671407698355150e+00
-1.859671911953739931e+00
-1.859853593701961127e+00
-1.860091097825228745e+00
-1.860104725662827807e+00
-1.860168894195400213e+00
-1.860283765146703905e+00
-1.860337730615639007e+00
-1.860352173193901448e+00
-1.860363388464128631e+00
-1.860376218655179992e+00
-1.860504936301191403e+00
-1.860508880362678141e+00
-1.860594270432497366e+00
-1.860617827138868474e+00
-1.860632198052977415e+00
-1.860635234984131969e+00
-1.860636412635787273e+00
-1.860636656901826003e+00
-1.860655294351688527e+00
-1.860680210546100444e+00
-1.860848401529740626e+00
-1.860848745729617892e+00
-1.860851470603898328e+00
-1.860873404342409554e+00
-1.861131575705186059e+00
-1.861135337420306790e+00
-1.861139353424450471e+00
-1.861154479763759584e+00
-1.861154224370708210e+00
-1.861168258764742234e+00
-1.861258219420740101e+00
-1.861258188650143808e+00
-1.861275189369042016e+00
-1.861293865374570977e+00
-1.861307170660571053e+00
-1.861327403226075372e+00
-1.861378711720108381e+00
-1.861390535405803126e+00
-1.861586292321842029e+00
-1.861588939913584984e+00
-1.861614726396152886e+00
-1.861664312255279619e+00
-1.861733798249390448e+00
-1.861737977401997313e+00
-1.861745332094225880e+00
-1.861748502484319445e+00
-1.861796842606492142e+00
-1.861827724242228754e+00
-1.861851040512398470e+00
-1.861867022381224590e+00
-1.861867147654910681e+00
-1.861867106889618650e+00
-1.861871419655518611e+00
-1.862081519489428016e+00
-1.863018425371257614e+00
-1.863169779905439416e+00
-1.863278254239788545e+00
-1.863603895597359950e+00
-1.863987670708850297e+00
-1.864164967627766512e+00
-1.864883529824966413e+00
-1.867388265399800185e+00
-1.867938288957887938e+00
-1.868195353044443729e+00
-1.869481320511912292e+00
-1.869791007463164956e+00
-1.868207597730854097e+00
-1.868262226404139525e+00
-1.868297626282632073e+00
-1.868278072567539194e+00
-1.867753794570196080e+00
-1.867751960172409964e+00
-1.867870238923829973e+00
-1.867875747958656074e+00
-1.867874591895644976e+00
-1.867892818557037149e+00
-1.867931645654598904e+00
-1.867937757498272511e+00
-1.867937607272468714e+00
-1.867940401810935125e+00
-1.867940863820415132e+00
-1.867952569979416166e+00
-1.867968479160561079e+00
-1.868063071436379285e+00
-1.868065009081040451e+00
-1.868065545353836399e+00
-1.868068550311778653e+00
-1.868069106428568604e+00
-1.868081133147513340e+00
-1.868091870117718489e+00
-1.868112711959868388e+00
-1.868113672332239350e+00
-1.868118497428806979e+00
-1.868157584051261200e+00
-1.868160031354711093e+00
-1.868185599926580842e+00
-1.868185599926856622e+00
-1.868160031365031504e+00
-1.868157584051244324e+00
-1.868118497439110293e+00
-1.868113672323925556e+00
-1.868112711959777128e+00
-1.868091870117965403e+00
-1.868081133147669659e+00
-1.868067896870277522e+00
-1.868068551142396005e+00
-1.868065545351946355e+00
-1.868065009080536409e+00
-1.867975536859781460e+00
-1.867968479160649009e+00
-1.867952569986795597e+00
-1.867940896171792264e+00
-1.867940401812454354e+00
-1.867937528139440584e+00
-1.867937757498772999e+00
-1.867931645654528516e+00
-1.867859936300562129e+00
-1.867874591738442946e+00
-1.867875748089093513e+00
-1.867870239165863255e+00
-1.867751960854992621e+00
-1.867753799859456665e+00
-1.868278074383659559e+00
-1.868297398332916970e+00
-1.868259614033366933e+00
-1.868207600068374941e+00
-1.869791001685149556e+00
-1.869481320576923844e+00
-1.868198302672815725e+00
-1.867938288955797610e+00
-1.867388265359871236e+00
-1.864883529825063668e+00
-1.864164642447920794e+00
-1.863987670267457375e+00
-1.863603895665205012e+00
-1.863219995653037531e+00
-1.863169779914140456e+00
-1.863018425464921801e+00
-1.862081519368141702e+00
-1.861871419652260329e+00
-1.861867106994377519e+00
-1.861867147603924133e+00
-1.861867022389033899e+00
-1.861851040510531963e+00
-1.861827724239986992e+00
-1.861796842608882674e+00
-1.861748502454701359e+00
-1.861745332093639460e+00
-1.861737977402673661e+00
-1.861733798242359628e+00
-1.861664312259687648e+00
-1.861614726396717989e+00
-1.861588939915856500e+00
-1.861586292320400737e+00
-1.861390535357648979e+00
-1.861378711711637157e+00
-1.861327403225757848e+00
-1.861307170661090638e+00
-1.861293865374541223e+00
-1.861275189368344130e+00
-1.861258186418818683e+00
-1.861258219419572368e+00
-1.861168258765070860e+00
-1.861154224370709320e+00
-1.861154479763564407e+00
-1.861139353424330789e+00
-1.861133390403657550e+00
-1.861131575711843844e+00
-1.860873404342334281e+00
-1.860851470601340152e+00
-1.860848745728506115e+00
-1.860848401529330065e+00
-1.860680210545961000e+00
-1.860655294345799460e+00
-1.860636656902451946e+00
-1.860636412636742953e+00
-1.860635234975958063e+00
-1.860632198042660779e+00
-1.860617827133435931e+00
-1.860594270436998210e+00
-1.860508880419638578e+00
-1.860504936169715018e+00
-1.860376218661860870e+00
-1.860363388450968269e+00
-1.860352173158457578e+00
-1.860337730614815666e+00
-1.860283765148458279e+00
-1.860168894195603162e+00
-1.860104725661489766e+00
-1.860091097824996043e+00
-1.859853593701970675e+00
-1.859671911951084500e+00
-1.859671407699217127e+00
-1.859671393297769315e+00
-1.859510026363765389e+00
-1.859377644819423026e+00
-1.859281976401100600e+00
-1.859281504721196576e+00
-1.859252433299436458e+00
-1.859170531794144932e+00
-1.858846638812511110e+00
-1.858817609232160883e+00
-1.858791589270602618e+00
-1.858379073920337188e+00
-1.858292910247593799e+00
-1.858206735387971875e+00
-1.857591632108217095e+00
-1.857168820092833794e+00
-1.857201433308383054e+00
-1.857007322617802103e+00
-1.856503850184758608e+00
-1.856387853502770247e+00
-1.855972916908287473e+00
-1.855950884103604093e+00
-1.855501600932342621e+00
-1.852827364148956990e+00
-1.852769104517213883e+00
-1.852822585701637603e+00
-1.852726732594202286e+00
-1.852327937513057243e+00
-1.852045582954798597e+00
-1.851985658385403744e+00
-1.851962999562261292e+00
-1.851949453683457536e+00
-1.851784053470725944e+00
-1.851633915715587886e+00
-1.851636686373289375e+00
-1.851651364364906849e+00
-1.851661909351288493e+00
-1.851618018455385650e+00
-1.851663620604184768e+00
-1.851701886688388532e+00
-1.851787895626591851e+00
-1.851648030425996794e+00
-1.852430015578754308e+00
-1.852187374335957371e+00
-1.852187952340733634e+00
-1.852243761496263685e+00
-1.852272810801809833e+00
-1.852484996055091537e+00
-1.852380794268343900e+00
-1.852305178490323279e+00
-1.852938258901261737e+00
-1.852878993988354317e+00
-1.852803535677907121e+00
-1.852828426607873169e+00
-1.852544265019959724e+00
-1.852517536427700895e+00
-1.853133901496145208e+00
-1.852577725005577713e+00
-1.852539110430756475e+00
-1.852383029924129731e+00
-1.852129622156308830e+00
-1.852558102378421223e+00
-1.852450977160845280e+00
-1.852974790348757672e+00
-1.851808453439271140e+00
-1.852234124829988726e+00
-1.852717088625888131e+00
-1.852675663129386585e+00
-1.853022407184147902e+00
-1.852047136119943538e+00
-1.851571267727173620e+00
-1.851598515447641091e+00
-1.851659177330707395e+00
-1.852099673403840630e+00
-1.851967741942328161e+00
-1.852472418639705021e+00
-1.859490355312520382e+00
-1.860490792511563019e+00
-1.853068656038317386e+00
-1.853601987924460737e+00
-1.853399614018302444e+00
-1.853400990938225856e+00
-1.853715535055851849e+00
-1.855941918168983129e+00
-1.856387696745716465e+00
-1.857096154069336702e+00
-1.857537711825832050e+00
-1.858279552794753098e+00
-1.858623473940727910e+00
-1.858579750345527692e+00
-1.858773334061081473e+00
-1.858799939680525926e+00
-1.858966120940120703e+00
-1.858477248653605862e+00
-1.858971548635762527e+00
-1.857193342120184498e+00
-1.857520467611550430e+00
-1.860628390593209724e+00
-1.859531813749782714e+00
-1.859832616646518666e+00
-1.860025313411211023e+00
-1.860958420458418416e+00
-1.860966080626239139e+00
-1.861260163367119969e+00
-1.861245611981902526e+00
-1.861290297590980858e+00
-1.862393191429121408e+00
-1.854705567651278919e+00
-1.853839224694658672e+00
-1.854279343760594667e+00
-1.854014577544360609e+00
-1.854117333189002625e+00
-1.854136581242484816e+00
-1.854158546871538693e+00
-1.854151377026915348e+00
-1.854371897067609964e+00
-1.854387537230927308e+00
-1.854522002028279104e+00
-1.854527944602030853e+00
-1.854522329819389803e+00
-1.854861768962384083e+00
-1.854862471420220649e+00
-1.854822575238110893e+00
-1.854835110546450672e+00
-1.854879454541549233e+00
-1.854877551223353738e+00
-1.854896274670075673e+00
-1.854950564711223659e+00
-1.855331716570344014e+00
-1.855253888828596320e+00
-1.855522584107542450e+00
-1.855511963009391252e+00
-1.855520846286280889e+00
-1.855518216575547719e+00
-1.855557101782593366e+00
-1.855724894755438115e+00
-1.855688777874221707e+00
-1.855725972492485942e+00
-1.855801361225870583e+00
-1.855953631978956686e+00
-1.855650136605674572e+00
-1.855566269665439361e+00
-1.855576032216401661e+00
-1.855649428987736993e+00
-1.855704399517752234e+00
-1.855908164962294826e+00
-1.855701839959985167e+00
-1.855702026356425449e+00
-1.855740745347810750e+00
-1.855811906784437193e+00
-1.855780254237425098e+00
-1.855789357542121820e+00
-1.855821535997759453e+00
-1.855933100423627247e+00
-1.855944055283712757e+00
-1.855926104439481250e+00
-1.855934016475252912e+00
-1.855940958640059257e+00
-1.856003448150803425e+00
-1.856090206013148780e+00
-1.855720536950122401e+00
-1.855635708890928326e+00
-1.855593851271127193e+00
-1.855592861300400020e+00
-1.855614507773864830e+00
-1.855627566283424734e+00
-1.855626685508572571e+00
-1.855583923333303353e+00
-1.855565132278560903e+00
-1.855549437950678504e+00
-1.855560137904135320e+00
-1.855288045265395258e+00
-1.855271121748542473e+00
-1.855268485323992911e+00
-1.855253799195905273e+00
-1.855254203870531970e+00
-1.855191228784446311e+00
-1.855195925937140000e+00
-1.855121167112891545e+00
-1.855211230967596991e+00
-1.855364318445625438e+00
-1.855316934225458070e+00
-1.855245823165185826e+00
-1.855166417969723591e+00
-1.855165847201815765e+00
-1.855099747965269996e+00
-1.855112143812768677e+00
-1.855102499358140200e+00
-1.855091603117466015e+00
-1.855164779545834808e+00
-1.854980443644385968e+00
-1.854978981346541378e+00
-1.854786035911864861e+00
-1.854746688728333259e+00
-1.854611178124885296e+00
-1.854655271902989622e+00
-1.854450483935470739e+00
-1.854459910828185620e+00
-1.854413634188168736e+00
-1.854352258441463785e+00
-1.854282110268656414e+00
-1.854275763126201682e+00
-1.854297131631108098e+00
-1.854085604876353877e+00
-1.854086463309524646e+00
-1.853958688214298878e+00
-1.853954054310818833e+00
-1.853958126807231821e+00
-1.853950596065119250e+00
-1.853838957573073376e+00
-1.853795624200438530e+00
-1.853429894820232793e+00
-1.853465768272093195e+00
-1.858418234703738570e+00
-1.858429078086091479e+00
-1.858435425067503921e+00
-1.859129028106933701e+00
-1.859103014238339124e+00
-1.859188985323927401e+00
-1.858758922361753552e+00
-1.859354616662278747e+00
-1.859427069783208042e+00
-1.860601405149364229e+00
-1.857921311282060284e+00
-1.857368956414880312e+00
-1.859225865697742286e+00
-1.858071876730292393e+00
-1.860034474417342709e+00
-1.860266408943863192e+00
-1.860226231616428194e+00
-1.860712697608727595e+00
-1.861618450674066283e+00
-1.860999824095116217e+00
-1.860703018000544162e+00
-1.860238218679938660e+00
-1.860041807569897232e+00
-1.860442912789310954e+00
-1.857579793450645500e+00
-1.857280515880148419e+00
-1.857267781068401735e+00
-1.857432141023466654e+00
-1.857291598891652740e+00
-1.863910176043367173e+00
-1.864089508560627273e+00
-1.858689341278101592e+00
-1.859222645660749684e+00
-1.859651811863990645e+00
-1.859504351786773313e+00
-1.859572664017885124e+00
-1.859642639939831810e+00
-1.860184546959522622e+00
-1.860391951662939469e+00
-1.860171704102499657e+00
-1.860242645744353940e+00
-1.859470110844562152e+00
-1.859338777449590197e+00
-1.861617537506615072e+00
-1.860897299046279318e+00
-1.861061274387609821e+00
-1.860557003407006915e+00
-1.860797976076136173e+00
-1.861418291391740309e+00
-1.861117532825235399e+00
-1.861239459351912151e+00
-1.861646703876354003e+00
-1.860064016839332979e+00
-1.858007914665460003e+00
-1.858131627032017175e+00
-1.858333891242761382e+00
-1.858451920780657352e+00
-1.860176499823002150e+00
-1.860188857855090028e+00
-1.860261358002193610e+00
-1.860177665788673718e+00
-1.860225499315151687e+00
-1.860491349286506058e+00
-1.860566135181988212e+00
-1.860657271894973430e+00
-1.859905604142030322e+00
-1.859893231629986765e+00
-1.860130456948827282e+00
-1.860018980198425709e+00
-1.859988435767521153e+00
-1.860188859987492060e+00
-1.860321363317845922e+00
-1.860319267264865184e+00
-1.860318805890871730e+00
-1.860291722629525246e+00
-1.860445441688497237e+00
-1.860452167775493271e+00
-1.860466836432168147e+00
-1.860518725349234348e+00
-1.860646144553793402e+00
-1.861762515585257960e+00
-1.860805785263611067e+00
-1.857997121639070492e+00
-1.858300720352283442e+00
-1.858620065677089039e+00
-1.858685902567777104e+00
-1.858755505308886002e+00
-1.859239473817353883e+00
-1.859334500088981157e+00
-1.859679718293143047e+00
-1.859778504251617282e+00
-1.859750182010969421e+00
-1.860901204337899184e+00
-1.862249503546664409e+00
-1.862360764032492622e+00
-1.862477549454520265e+00
-1.862739231427146036e+00
-1.862747023653068101e+00
-1.862747024035005028e+00
-1.863403810470562139e+00
-1.863465693524069211e+00
-1.863521034448251568e+00
-1.863550590239829274e+00
-1.863779566369396790e+00
-1.863861619990809348e+00
-1.864125999531762279e+00
-1.864141108956514969e+00
-1.864142738793084897e+00
-1.864576976410417863e+00
-1.864651556477187722e+00
-1.864664259966998028e+00
-1.864737280762736704e+00
-1.864832697793174177e+00
-1.864929114595057502e+00
-1.864929744659278743e+00
-1.864938865005456581e+00
-1.864976691937531239e+00
-1.865011097808877194e+00
-1.865009613335250727e+00
-1.865122685744424302e+00
-1.865130178040838915e+00
-1.865136096449470759e+00
-1.865166846934947831e+00
-1.865250190452836909e+00
-1.865272568833863387e+00
-1.865275837599178921e+00
-1.865296485575336671e+00
-1.865441940158244050e+00
-1.865440934996536626e+00
-1.865452245766594519e+00
-1.865459792609467815e+00
-1.865612080708360931e+00
-1.865612448630665554e+00
-1.865651377079034834e+00
-1.865652720652057894e+00
-1.865694389370704531e+00
-1.865751807553957642e+00
-1.865827914912032925e+00
-1.865828252956347466e+00
-1.865836875018616059e+00
-1.865870364160871153e+00
-1.865880510961877903e+00
-1.865880162482664417e+00
-1.865970444518084248e+00
-1.865969763293704009e+00
-1.866054524381077329e+00
-1.866054607457548364e+00
-1.866061941115346734e+00
-1.866063694273186524e+00
-1.866111346575606955e+00
-1.866113140940222737e+00
-1.866141498577267521e+00
-1.866152309632387762e+00
-1.866197951083997664e+00
-1.866204356939168640e+00
-1.866222114626757023e+00
-1.866234362477705133e+00
-1.866234415379380840e+00
-1.866234387875537859e+00
-1.866236526848574329e+00
-1.868101121111968244e+00
-1.868466250116011640e+00
-1.868470136323558073e+00
-1.868520953683874719e+00
-1.868617732424217470e+00
-1.868861261758034464e+00
-1.869019330285061509e+00
-1.869315833280483119e+00
-1.871225629908310761e+00
-1.872054486126826456e+00
-1.872250063276375442e+00
-1.873174056259570674e+00
-1.873372569746893479e+00
-1.872946828388442508e+00
-1.872940467374811790e+00
-1.872962361287895172e+00
-1.873008295757823127e+00
-1.872707957791379663e+00
-1.872815087035387016e+00
-1.857694086482096774e+00
-1.856842632935653103e+00
-1.856926405225018950e+00
-1.856909045065483266e+00
-1.856915096951132771e+00
-1.856988908825903728e+00
-1.856948553766138543e+00
-1.856996319003807461e+00
-1.856999634238573060e+00
-1.857890658313340104e+00
-1.857903522349052983e+00
-1.857912865850751771e+00
-1.857982857014558897e+00
-1.858120363391850827e+00
-1.858127405387212772e+00
-1.858121750667562022e+00
-1.858172463505249006e+00
-1.858282898010235495e+00
-1.858292735998821499e+00
-1.858327507563545478e+00
-1.858464471260142359e+00
-1.858468377405053440e+00
-1.858469332038018784e+00
-1.858578460961853196e+00
-1.858578460962330814e+00
-1.858469332039081934e+00
-1.858468377404074889e+00
-1.858464471170285570e+00
-1.858327507670729517e+00
-1.858292735979576005e+00
-1.858282898012555417e+00
-1.858172463506713168e+00
-1.858121764848493118e+00
-1.858122949669063662e+00
-1.858120363391693175e+00
-1.857982857014955247e+00
-1.857907399544470373e+00
-1.857903530812294868e+00
-1.857890658633424952e+00
-1.856999635426003881e+00
-1.856996317470240410e+00
-1.856948554666393747e+00
-1.856988908890997880e+00
-1.856915101871584373e+00
-1.856909024960079257e+00
-1.856791957110003111e+00
-1.856842538355646832e+00
-1.857694274180266669e+00
-1.873089753918868006e+00
-1.865145013057825540e+00
-1.873008289612725807e+00
-1.872962339322156833e+00
-1.872939824393149877e+00
-1.872946836076264887e+00
-1.873372209956011947e+00
-1.873174064595858113e+00
-1.872251203331400271e+00
-1.872054485958396075e+00
-1.871225629472284657e+00
-1.869315833280040584e+00
-1.868915183884810371e+00
-1.868861261459970891e+00
-1.868617732147426658e+00
-1.868520953684556840e+00
-1.868470136327426090e+00
-1.868466250155667918e+00
-1.868101121113536101e+00
-1.866236526848327859e+00
-1.866234387752242041e+00
-1.866234415291436299e+00
-1.866234362477873887e+00
-1.866222114631876039e+00
-1.866204356941619125e+00
-1.866197951084762385e+00
-1.866152309632689743e+00
-1.866141498617656769e+00
-1.866113141109633222e+00
-1.866111346578975372e+00
-1.866063694714819476e+00
-1.866061941115430001e+00
-1.866054551403387718e+00
-1.866054524332296349e+00
-1.865969764421788524e+00
-1.865970444572287557e+00
-1.865880162482642657e+00
-1.865880510961877459e+00
-1.865870364159530670e+00
-1.865836875018668906e+00
-1.865828261752885853e+00
-1.865827914911773799e+00
-1.865751807553911457e+00
-1.865694389370541773e+00
-1.865652720652208885e+00
-1.865651377079004636e+00
-1.865612429526047222e+00
-1.865612080707844012e+00
-1.865459792607045086e+00
-1.865452245766578976e+00
-1.865440925431831820e+00
-1.865288969359093274e+00
-1.865296485709948104e+00
-1.865275837645697710e+00
-1.865272568838863165e+00
-1.865250190474472269e+00
-1.865166846932589717e+00
-1.865136096449345082e+00
-1.865130178041010112e+00
-1.865122685806696268e+00
-1.865009613285341317e+00
-1.865011097793236150e+00
-1.864976691927599628e+00
-1.864938865011765756e+00
-1.864929744659968636e+00
-1.864929114377305908e+00
-1.864832697747139889e+00
-1.864737280761886939e+00
-1.864664259965115978e+00
-1.864651556477195271e+00
-1.864576976410226905e+00
-1.864142738792953446e+00
-1.864141108956002046e+00
-1.864125999531327293e+00
-1.863861619991920460e+00
-1.863779566354434092e+00
-1.863550590241981997e+00
-1.863521034469472148e+00
-1.863465693510811594e+00
-1.863403810460384058e+00
-1.862747024029623999e+00
-1.862747023697374438e+00
-1.862739231548803165e+00
-1.862477548017035467e+00
-1.862360764036890437e+00
-1.862249503724850763e+00
-1.860901204138690979e+00
-1.859750182008301778e+00
-1.859778504334925309e+00
-1.859679718267641224e+00
-1.859334500084770525e+00
-1.859239473817674293e+00
-1.858755505309162004e+00
-1.858685902568514514e+00
-1.858620065934282195e+00
-1.858300692180640645e+00
-1.857997119602960545e+00
-1.860805799125815119e+00
-1.861762511367764272e+00
-1.860646144532434487e+00
-1.860518724576080807e+00
-1.860466821292537265e+00
-1.860452167529528023e+00
-1.860445360390858394e+00
-1.860291722644460410e+00
-1.860318805883807158e+00
-1.859886695939427126e+00
-1.859923082342832545e+00
-1.859880784137147414e+00
-1.859847546323615708e+00
-1.859831072826432230e+00
-1.859721787239259738e+00
-1.859469969231201336e+00
-1.859641416760013710e+00
-1.859594331013585178e+00
-1.859227042249570028e+00
-1.859126685620164920e+00
-1.858876283690147346e+00
-1.858881334159062648e+00
-1.858876183111242142e+00
-1.858661125421358307e+00
-1.858437364562917082e+00
-1.858451917019135591e+00
-1.858333897566147863e+00
-1.858131613957472172e+00
-1.858007881503868308e+00
-1.860063782654965303e+00
-1.861646700038016800e+00
-1.861239413589842018e+00
-1.861117535761553476e+00
-1.861418282886238895e+00
-1.860797975528529324e+00
-1.860557003291626543e+00
-1.857778846223108404e+00
-1.857259367756746604e+00
-1.857935626348760971e+00
-1.857981393568951978e+00
-1.857875647579740441e+00
-1.858463412564677508e+00
-1.858006773788037913e+00
-1.857972469666135940e+00
-1.857998215190576730e+00
-1.858159689498540601e+00
-1.858178970553579390e+00
-1.858163534353101998e+00
-1.858605528663687778e+00
-1.858370459624652637e+00
-1.858833777271946985e+00
-1.862364755602801125e+00
-1.862615081513284698e+00
-1.857110631479237384e+00
-1.857266774886535687e+00
-1.857270931814858361e+00
-1.857263593861536499e+00
-1.857446172913871596e+00
-1.860045492578007664e+00
-1.860137201976861832e+00
-1.860494043221063265e+00
-1.861276892835286301e+00
-1.859645578220471052e+00
-1.862865580552782507e+00
-1.862877028105970556e+00
-1.862433554410796610e+00
-1.862468563331562077e+00
-1.862603846829774312e+00
-1.862860779675134193e+00
-1.863100235389657744e+00
-1.863232103422575614e+00
-1.863748895311288845e+00
-1.865958919474545841e+00
-1.865821096580499328e+00
-1.866182576760475387e+00
-1.865954839108908025e+00
-1.865855878077431917e+00
-1.865941999649179284e+00
-1.866108041434724196e+00
-1.866098044625499552e+00
-1.866102483198233575e+00
-1.866095854823520472e+00
-1.866373862424626218e+00
-1.866378932969413595e+00
-1.866528810409506356e+00
-1.866529908561847861e+00
-1.866437439778620089e+00
-1.866438460640186925e+00
-1.866439136243022379e+00
-1.866439327437936058e+00
-1.866542576357887562e+00
-1.866543359758762843e+00
-1.866735229468207802e+00
-1.866770067414452949e+00
-1.866787566009725285e+00
-1.866791231354981040e+00
-1.866978648646364647e+00
-1.867014344590697039e+00
-1.867000959720682030e+00
-1.867067901817319964e+00
-1.867103458606323763e+00
-1.867102404665051729e+00
-1.867186211503640614e+00
-1.867317151406856279e+00
-1.867320595818608542e+00
-1.867561340470857978e+00
-1.867566374385947192e+00
-1.867565632109820406e+00
-1.867565514976797791e+00
-1.867601623428015056e+00
-1.867706037236475103e+00
-1.867706049860207163e+00
-1.867739935493910597e+00
-1.867859671865107263e+00
-1.867983182458843983e+00
-1.868001237631489175e+00
-1.868010738332332110e+00
-1.868035452207922553e+00
-1.868120209983218816e+00
-1.868193312897458824e+00
-1.868197958617928700e+00
-1.868198783808687313e+00
-1.868200475386753823e+00
-1.868227245795955449e+00
-1.867479894977219557e+00
-1.867468776005711817e+00
-1.867478460214313074e+00
-1.867489722461548318e+00
-1.867959378806260506e+00
-1.867963786030947926e+00
-1.867943463021282335e+00
-1.867947390885886794e+00
-1.867963722293598305e+00
-1.868248613921619894e+00
-1.868253782268245011e+00
-1.868253782253931128e+00
-1.868248614030953769e+00
-1.867963722203233923e+00
-1.867947390832399357e+00
-1.867943448131634376e+00
-1.867963785909635632e+00
-1.867959378924770819e+00
-1.867489722460494717e+00
-1.867478459651324973e+00
-1.867468778787135131e+00
-1.867479895002632784e+00
-1.868227245429751049e+00
-1.868200475402203686e+00
-1.868198062046489305e+00
-1.868197930710240984e+00
-1.868193312898611236e+00
-1.868120209799966513e+00
-1.868035452209094727e+00
-1.868010738331887577e+00
-1.868001237631843559e+00
-1.867983182456836477e+00
-1.867859671869755545e+00
-1.867739935493902603e+00
-1.867706049756146625e+00
-1.867706037235232319e+00
-1.867601623425653390e+00
-1.867565514976799790e+00
-1.867565632109831064e+00
-1.867566374386401273e+00
-1.867561340470203390e+00
-1.867320595405331130e+00
-1.867317151406599152e+00
-1.867186211530711182e+00
-1.867102404660579307e+00
-1.867103458604448818e+00
-1.867067901818763254e+00
-1.867000985738163754e+00
-1.867014344850895124e+00
-1.866978648263813323e+00
-1.866791228656578427e+00
-1.866787565887094047e+00
-1.866770072230306221e+00
-1.866735230225139652e+00
-1.866543362202728318e+00
-1.866542576974643097e+00
-1.866439347142691219e+00
-1.866439145562247326e+00
-1.866438460396915966e+00
-1.866437439049341895e+00
-1.866529907385718445e+00
-1.866528810387549919e+00
-1.866378959434298324e+00
-1.866373862438077680e+00
-1.866095324726323668e+00
-1.866103518643208448e+00
-1.866099871905797514e+00
-1.866112189561131007e+00
-1.865992344374557188e+00
-1.865998760014287994e+00
-1.866148470879114285e+00
-1.866300412165076583e+00
-1.865821254810030361e+00
-1.866142291649230511e+00
-1.864069155833303348e+00
-1.863519902128074168e+00
-1.863607795098637609e+00
-1.863467265757176250e+00
-1.863322043742041689e+00
-1.862921299428719202e+00
-1.862928307838815023e+00
-1.863554605329589275e+00
-1.863582928810065376e+00
-1.861267981874437982e+00
-1.861202367076716158e+00
-1.860331370142533913e+00
-1.859860301194946164e+00
-1.859773400293241785e+00
-1.856598177684767759e+00
-1.856560836487322064e+00
-1.856549187039615800e+00
-1.856478912207835563e+00
-1.856357997216812272e+00
-1.861931991494474747e+00
-1.860711061110498887e+00
-1.858929479517298589e+00
-1.858391645196450170e+00
-1.858645558711097712e+00
-1.858226887491378765e+00
-1.858258154394651696e+00
-1.858336501015907860e+00
-1.858358511079686526e+00
-1.858219051917597842e+00
-1.858364616228276756e+00
-1.858542832690426305e+00
-1.858208891203329438e+00
-1.858195083337589537e+00
-1.857155337100889536e+00
-1.856751760453122957e+00
-1.857232296189814669e+00
-1.859683049100493868e+00
-1.859940590038442032e+00
-1.859837830690501459e+00
-1.859846002545307853e+00
-1.859805086352849246e+00
-1.860147411238936899e+00
-1.860351675039610964e+00
-1.861071270251584586e+00
-1.861109203064817752e+00
-1.861186973813529821e+00
-1.861336837546667677e+00
-1.861395459157938470e+00
-1.861543990429710416e+00
-1.861780645447793425e+00
-1.861675917032664884e+00
-1.861674858058802062e+00
-1.861813148786504168e+00
-1.862160838990347678e+00
-1.862853846924836354e+00
-1.862862968406836739e+00
-1.863320120169244865e+00
-1.863461352690922723e+00
-1.863522828934084385e+00
-1.863549833455182103e+00
-1.863620594017489918e+00
-1.863648248999485446e+00
-1.863644508292895186e+00
-1.863793722155111521e+00
-1.863874065580074291e+00
-1.864169634367141892e+00
-1.864207997658082760e+00
-1.864220438410093994e+00
-1.863971237915231338e+00
-1.864005995599870902e+00
-1.865173028834389513e+00
-1.865079957977764824e+00
-1.865290355855724114e+00
-1.865341574769345145e+00
-1.865734904755375068e+00
-1.866030153922637380e+00
-1.866074609779720728e+00
-1.866206165218141644e+00
-1.866410064471370367e+00
-1.866871225619807451e+00
-1.867072781368013912e+00
-1.867045208099824549e+00
-1.867333394350665365e+00
-1.867925847713179044e+00
-1.867970382116965755e+00
-1.868072997713531747e+00
-1.868313733907826624e+00
-1.868364914043157743e+00
-1.868396786053023728e+00
-1.868906425836114771e+00
-1.868968984100323638e+00
-1.869011989587697320e+00
-1.869024495059516511e+00
-1.869179275505846505e+00
-1.869230470148853573e+00
-1.869400982032386693e+00
-1.869408314363325552e+00
-1.869437190134585647e+00
-1.869851399366763145e+00
-1.870038072509008220e+00
-1.870050438111377833e+00
-1.870093581759677548e+00
-1.870186238136603896e+00
-1.870227442944984109e+00
-1.870230733696390368e+00
-1.870249996147215210e+00
-1.870261460563382716e+00
-1.870347043138627763e+00
-1.870347353061704299e+00
-1.870426661933435764e+00
-1.870485784138902430e+00
-1.870514469207913200e+00
-1.870542432449791237e+00
-1.870494313995932245e+00
-1.870492427132952384e+00
-1.870445993261089956e+00
-1.870226593172968688e+00
-1.869957634399801005e+00
-1.869973804832241182e+00
-1.869974036166742959e+00
-1.870006427593511766e+00
-1.870230621052002995e+00
-1.870230799425121493e+00
-1.870235021156582356e+00
-1.870236698702235412e+00
-1.870270854164811203e+00
-1.870278753547906847e+00
-1.870317109444833426e+00
-1.870317836932716693e+00
-1.870333064439678061e+00
-1.870339046254459126e+00
-1.870337970915477488e+00
-1.870347119050065121e+00
-1.870351368113536417e+00
-1.870290603931800577e+00
-1.870374014944349073e+00
-1.870378673923175139e+00
-1.870400111398840881e+00
-1.870746252076008753e+00
-1.870776587385649448e+00
-1.870778110599906174e+00
-1.870787234261900300e+00
-1.870818085617342197e+00
-1.870893816134343135e+00
-1.870941996364987370e+00
-1.870968710688629910e+00
-1.870991888751545762e+00
-1.870992429619295017e+00
-1.870992380263411636e+00
-1.871000958588646235e+00
-1.871198272440951271e+00
-1.871535598662016131e+00
-1.871595971096889688e+00
-1.871670989251210226e+00
-1.871763694863289640e+00
-1.871925027487838955e+00
-1.872213473130783568e+00
-1.872815432247675105e+00
-1.874281164153156265e+00
-1.874879214317818121e+00
-1.875129186235996004e+00
-1.875812089914729475e+00
-1.876122716140719904e+00
-1.876233597300967171e+00
-1.876297674063668985e+00
-1.876302935867511845e+00
-1.876332674383800692e+00
-1.876338681562091271e+00
-1.876554583487731964e+00
-1.876410704406752838e+00
-1.876461199066521424e+00
-1.876464904366693442e+00
-1.876453730208792692e+00
-1.876450326633325449e+00
-1.876543173588305580e+00
-1.876543530688175920e+00
-1.876543261339607804e+00
-1.876544790419611308e+00
-1.876553754689991305e+00
-1.876565884039532062e+00
-1.876583463360096404e+00
-1.876578532918915521e+00
-1.876634031723251272e+00
-1.876637172285745780e+00
-1.876634937246026702e+00
-1.876649630797387003e+00
-1.876626038496972182e+00
-1.876626908269201532e+00
-1.876633531658211673e+00
-1.876647034672535019e+00
-1.876649214674077637e+00
-1.876654023619637179e+00
-1.876679884046819735e+00
-1.876679884045739044e+00
-1.876654023618279155e+00
-1.876649214673648647e+00
-1.876647034665687608e+00
-1.876633531651527687e+00
-1.876626908269211746e+00
-1.876626037041513984e+00
-1.876649630797859292e+00
-1.876634937167331874e+00
-1.876637172090876104e+00
-1.876634031733935393e+00
-1.876578532931949095e+00
-1.876572722768133694e+00
-1.876566147094412607e+00
-1.876553754690435838e+00
-1.876544809528915891e+00
-1.876543260882906683e+00
-1.876543579464408307e+00
-1.876543173588117730e+00
-1.876450326633397392e+00
-1.876453726739370609e+00
-1.876464904279189438e+00
-1.876461199188481199e+00
-1.876410704387329487e+00
-1.876381698967318989e+00
-1.876338681560788313e+00
-1.876332674404629364e+00
-1.876302935867494970e+00
-1.876297674063720500e+00
-1.876233597310750234e+00
-1.876122716142052171e+00
-1.875812089915059211e+00
-1.875129186235985790e+00
-1.874879214335113620e+00
-1.874281164122947096e+00
-1.872815432247726619e+00
-1.872213429545573238e+00
-1.871925027488525961e+00
-1.871763694863347816e+00
-1.871670989244525796e+00
-1.871595971099615063e+00
-1.871535598938443457e+00
-1.871198272438021837e+00
-1.871000958590449681e+00
-1.870992380202450400e+00
-1.870992429612423624e+00
-1.870991888751696752e+00
-1.870968710688448056e+00
-1.870941996358034931e+00
-1.870893816134401533e+00
-1.870818085616526627e+00
-1.870787234284924772e+00
-1.870778110602167033e+00
-1.870776587393846890e+00
-1.870746252082411853e+00
-1.870400111398996312e+00
-1.870378673926182733e+00
-1.870374014944322205e+00
-1.870290597142752809e+00
-1.870351368457848107e+00
-1.870347119033212380e+00
-1.870337967799243994e+00
-1.870339046255756976e+00
-1.870333064455669270e+00
-1.870317839758137257e+00
-1.870317109457491078e+00
-1.870278753548672679e+00
-1.870270854158259777e+00
-1.870236695568603169e+00
-1.870235021092662819e+00
-1.870230881164061554e+00
-1.870230621052089148e+00
-1.870006427593231990e+00
-1.869974107446773282e+00
-1.869973800526777641e+00
-1.869957707572991179e+00
-1.870226594445718149e+00
-1.870445993082311409e+00
-1.870492426875180136e+00
-1.870494314722122908e+00
-1.870542432057884508e+00
-1.870514469199564100e+00
-1.870485784144194641e+00
-1.870426661931527068e+00
-1.870347353061302620e+00
-1.870347043120792474e+00
-1.870261460563259925e+00
-1.870249996146015281e+00
-1.870230733697092695e+00
-1.870227442944549123e+00
-1.870186238135018719e+00
-1.870093581759868728e+00
-1.870050477024515212e+00
-1.870038070969205046e+00
-1.869851399150842308e+00
-1.869437190132372084e+00
-1.869408314360247791e+00
-1.869400982014197021e+00
-1.869230470069598304e+00
-1.869179275506152482e+00
-1.869024495059346203e+00
-1.869011989562901599e+00
-1.868968984129634414e+00
-1.868906425837449703e+00
-1.868396786052898939e+00
-1.868364914047139891e+00
-1.868313733899449103e+00
-1.868072997534509838e+00
-1.867970382115881733e+00
-1.867925847679661855e+00
-1.867333394695643634e+00
-1.867045208095746478e+00
-1.867072781413376958e+00
-1.866871225650374555e+00
-1.866410064466159202e+00
-1.866206165206524936e+00
-1.866074609779815319e+00
-1.866030153922778378e+00
-1.865734904769977165e+00
-1.865341577053795552e+00
-1.865290355927613053e+00
-1.865079965783247529e+00
-1.865173029008152961e+00
-1.864005995119024428e+00
-1.863971242495454650e+00
-1.864220433399778720e+00
-1.864207997672872930e+00
-1.864169571486425259e+00
-1.863874065624168352e+00
-1.863793722123964436e+00
-1.863644531598632081e+00
-1.863648249045639638e+00
-1.863620594016718979e+00
-1.863549833455386162e+00
-1.863522828935712417e+00
-1.863461352725058306e+00
-1.863320120160068427e+00
-1.862862968410091469e+00
-1.862853846953670622e+00
-1.862160838947019226e+00
-1.861813148786494398e+00
-1.861674760188961830e+00
-1.861675917031524907e+00
-1.861780645447498550e+00
-1.861543990436013152e+00
-1.861395458270179049e+00
-1.861336837462233662e+00
-1.861186973788927723e+00
-1.861109203062735418e+00
-1.861071270266098754e+00
-1.860351680251146167e+00
-1.860147411264395645e+00
-1.859804990628743271e+00
-1.859846002487627104e+00
-1.859837830495880695e+00
-1.859940590525127391e+00
-1.859683049083997286e+00
-1.860421134434855794e+00
-1.859298567509773070e+00
-1.858682760690018032e+00
-1.859456823978436368e+00
-1.859665857095736952e+00
-1.859158845629536927e+00
-1.859258211629785107e+00
-1.859219565420922704e+00
-1.859197701304653672e+00
-1.859262078673033614e+00
-1.859259187699640048e+00
-1.859253834732772281e+00
-1.859480169193351351e+00
-1.859437843868779305e+00
-1.859603644918427889e+00
-1.861828341583550817e+00
-1.863000024120883946e+00
-1.863050544928930297e+00
-1.863545568821620035e+00
-1.863332187198798451e+00
-1.863342839219970903e+00
-1.863494802600507816e+00
-1.865922115514161650e+00
-1.866120805995740373e+00
-1.866842597221691324e+00
-1.867399940414857351e+00
-1.868146072088806342e+00
-1.869065760005818255e+00
-1.868756990367947957e+00
-1.868658937841046086e+00
-1.868738065540226145e+00
-1.868840354247302216e+00
-1.858525731711088369e+00
-1.860332493928660291e+00
-1.860811530297307836e+00
-1.861997449731965570e+00
-1.864735244905440625e+00
-1.865000595302605202e+00
-1.865363095461487930e+00
-1.865172190183127743e+00
-1.865183757536752474e+00
-1.865367206831822555e+00
-1.865365143433999950e+00
-1.865370390671837963e+00
-1.865376392486640889e+00
-1.865370502702705657e+00
-1.865593759731913437e+00
-1.865604181069492995e+00
-1.865799184235040764e+00
-1.865813174913579342e+00
-1.865892597973341616e+00
-1.865897316502326708e+00
-1.865897975728869840e+00
-1.865903998564136135e+00
-1.866008458329946107e+00
-1.866009275835869952e+00
-1.866155129574840643e+00
-1.866160536187220442e+00
-1.866166595291307129e+00
-1.866173286524731356e+00
-1.866208790893544744e+00
-1.866320332617475319e+00
-1.866316637369475062e+00
-1.866418450677969076e+00
-1.866383214080128861e+00
-1.866400343518462623e+00
-1.866412913998244383e+00
-1.866551731148106130e+00
-1.866564608981156059e+00
-1.866829534944228985e+00
-1.866775292531893449e+00
-1.866778178425904100e+00
-1.866781294916290079e+00
-1.866767161987829216e+00
-1.866876279076766565e+00
-1.866878682387395294e+00
-1.866918341379021573e+00
-1.867117072877086281e+00
-1.867164830892536376e+00
-1.866820609772128048e+00
-1.866728176300561204e+00
-1.866719228794929020e+00
-1.866713451035854066e+00
-1.866740459039284872e+00
-1.866745644795741121e+00
-1.866745673617450585e+00
-1.866755229093445712e+00
-1.866838129010549796e+00
-1.866922481375327569e+00
-1.866933656587965951e+00
-1.866923905127284566e+00
-1.866980389674336216e+00
-1.867000976707880788e+00
-1.867023465802338134e+00
-1.867023413315382241e+00
-1.867043157033457135e+00
-1.867044474110426622e+00
-1.867078129615963533e+00
-1.867098952975493997e+00
