-1.422201208086976365e+00
-1.422347296814509665e+00
-1.422390006125896722e+00
-1.422409275153126984e+00
-1.424242750926665524e+00
-1.425288414155751360e+00
-1.425589203537610983e+00
-1.426513733682448271e+00
-1.426646445459785584e+00
-1.426674054521401391e+00
-1.452680640973854631e+00
-1.463433560959038093e+00
-1.463989857968975850e+00
-1.464124586889274049e+00
-1.464140755447432607e+00
-1.467416331836801646e+00
-1.464261811772318289e+00
-1.464259984291368610e+00
-1.464333389295033205e+00
-1.463504055672315118e+00
-1.464069427823248226e+00
-1.464256180178662436e+00
-1.464267769814482811e+00
-1.464395375197311555e+00
-1.464467095203265234e+00
-1.466058785888666005e+00
-1.466441523993457841e+00
-1.466641120145192989e+00
-1.467172755537481388e+00
-1.469776374658186224e+00
-1.469774969814569232e+00
-1.470063198438974261e+00
-1.470702550423593324e+00
-1.472046832050225795e+00
-1.472556611191464526e+00
-1.474161940656907976e+00
-1.474436263402524538e+00
-1.475724505716884405e+00
-1.475779005856599824e+00
-1.476442425694681315e+00
-1.481932371801244264e+00
-1.481953302289293450e+00
-1.482363929868316665e+00
-1.482390715054464181e+00
-1.482673276519907546e+00
-1.482820980060993499e+00
-1.483004014434934348e+00
-1.483163377317114673e+00
-1.483770122928667057e+00
-1.485215736874173409e+00
-1.500367228426652044e+00
-1.502194359196711959e+00
-1.529495065607328730e+00
-1.559661324450940079e+00
-1.559722790270033688e+00
-1.559752087805728049e+00
-1.561986301667997790e+00
-1.564429712954990226e+00
-1.575650311016775440e+00
-1.577121249970436567e+00
-1.579287243059565249e+00
-1.598419410958345166e+00
-1.613931401653546427e+00
-1.635511839406385004e+00
-1.636809287021419479e+00
-1.654527036954293706e+00
-1.654834254818341899e+00
-1.656366943983505591e+00
-1.656397703453092340e+00
-1.656740191886724833e+00
-1.692391938123433803e+00
-1.716735185193495328e+00
-1.696775905148621533e+00
-1.718148971005153403e+00
-1.718208686957057640e+00
-1.714746219113750580e+00
-1.746304497457328297e+00
-1.733937450169892314e+00
-1.734177400620585452e+00
-1.734182671946306709e+00
-1.736650602386781816e+00
-1.818890617545973143e+00
-1.819164546341984767e+00
-1.820324668957124414e+00
-1.826629096898698457e+00
-1.825541325011079463e+00
-1.825527627145315579e+00
-1.825932544823061665e+00
-1.826332645062480609e+00
-1.827481839851235135e+00
-1.827566154136157639e+00
-1.827970742632774925e+00
-1.828063699952155119e+00
-1.828065758656403972e+00
-1.828467887476574516e+00
-1.830856365553293230e+00
-1.831534947048181872e+00
-1.839955911306737413e+00
-1.840494072233610723e+00
-1.841259579380452038e+00
-1.841803610495130084e+00
-1.841844088969937454e+00
-1.835769044656388349e+00
-1.835253698475803663e+00
-1.835212500930082591e+00
-1.834997793670502642e+00
-1.833911793690843561e+00
-1.835654846750082170e+00
-1.835570955130621851e+00
-1.828910248630319257e+00
-1.824628136002786505e+00
-1.824228010237111341e+00
-1.818047062155799809e+00
-1.817874686991910238e+00
-1.818129656778398440e+00
-1.818173467202451432e+00
-1.818489399521939109e+00
-1.819137426246589362e+00
-1.818632582914689211e+00
-1.820210129361666596e+00
-1.816781641802877267e+00
-1.814557800016284528e+00
-1.813481361197839314e+00
-1.813573379971785915e+00
-1.813710266285187389e+00
-1.813688871417731496e+00
-1.813861719475365231e+00
-1.813615198113462501e+00
-1.813904544565360544e+00
-1.815611786252021354e+00
-1.821611795025608327e+00
-1.821749267985122600e+00
-1.821762564883741664e+00
-1.823034251569437991e+00
-1.823226154268090982e+00
-1.824068109476180144e+00
-1.825045791307797760e+00
-1.831171693903233866e+00
-1.831523813829527558e+00
-1.831529473455119961e+00
-1.833505870012224648e+00
-1.822329383517458101e+00
-1.833570473387287070e+00
-1.832505919833695929e+00
-1.811746912537869125e+00
-1.811117711603579927e+00
-1.801431435287056626e+00
-1.809350900441322629e+00
-1.812021770002279375e+00
-1.803900200969591472e+00
-1.803534814205389303e+00
-1.796517236231526038e+00
-1.783479660547436119e+00
-1.805461313607288343e+00
-1.805074645979227732e+00
-1.805092800942357911e+00
-1.805288736528410043e+00
-1.807382453298287839e+00
-1.807736566190939254e+00
-1.807612306782311329e+00
-1.807793361350079175e+00
-1.807863340057097368e+00
-1.808498073590349975e+00
-1.808553399593221922e+00
-1.808964087890029493e+00
-1.809000463882039167e+00
-1.809001208000588612e+00
-1.809339766881255418e+00
-1.809365084196742579e+00
-1.809396993504514217e+00
-1.809421251966628397e+00
-1.809515622510235122e+00
-1.809559642653274736e+00
-1.809860507860307388e+00
-1.810169107890296170e+00
-1.810301896641203001e+00
-1.810303107473963724e+00
-1.810319116753899449e+00
-1.810328624352339322e+00
-1.810332741706952131e+00
-1.810469438084930882e+00
-1.810542803643736764e+00
-1.810544501915829496e+00
-1.810613983146450057e+00
-1.810791959068835499e+00
-1.810795004072322634e+00
-1.810831284448046308e+00
-1.810845656522859226e+00
-1.810870558392759122e+00
-1.810873287990641956e+00
-1.811012549764974056e+00
-1.811012682739766788e+00
-1.811118400351467983e+00
-1.811122146052186910e+00
-1.811127807496910602e+00
-1.811150416391972939e+00
-1.811165727095281230e+00
-1.811174928026953790e+00
-1.811255019211292838e+00
-1.811278242205845768e+00
-1.811281056411027102e+00
-1.811348072140138044e+00
-1.811444783483193932e+00
-1.811450481309022642e+00
-1.811481760575535782e+00
-1.811484561784964642e+00
-1.811495953984896712e+00
-1.811525859479375278e+00
-1.811538157264973581e+00
-1.811633639639399496e+00
-1.811636692480086186e+00
-1.811636789746486009e+00
-1.811642528565834631e+00
-1.813229219449267848e+00
-1.823528998118710387e+00
-1.824248295037294465e+00
-1.824607512318634939e+00
-1.826089339710410320e+00
-1.826423656774035287e+00
-1.827739158178090628e+00
-1.829685926543747065e+00
-1.832299819594242152e+00
-1.833411787430553996e+00
-1.834402698304846480e+00
-1.835740151857178537e+00
-1.837128505199541850e+00
-1.837843559985512965e+00
-1.838026572858594054e+00
-1.838049413880258776e+00
-1.838141196915723974e+00
-1.838152203534119344e+00
-1.838162792013825264e+00
-1.838249991549888662e+00
-1.838386819946637329e+00
-1.838521098296071798e+00
-1.838429598335013626e+00
-1.838430760050494772e+00
-1.838462152877561318e+00
-1.838431421706294921e+00
-1.838440340952024687e+00
-1.838444044234823771e+00
-1.838500148980617421e+00
-1.837436892893111295e+00
-1.837448775986014304e+00
-1.837466842064603423e+00
-1.837469079959461293e+00
-1.837472457520773261e+00
-1.837468963128181532e+00
-1.837484257212203431e+00
-1.837483884359105701e+00
-1.837646088135858502e+00
-1.837662886235567727e+00
-1.837677481744850239e+00
-1.837683055392209663e+00
-1.837687515602923316e+00
-1.837696599700441968e+00
-1.837696599700562317e+00
-1.837687515602359989e+00
-1.837683055392579590e+00
-1.837677481745664698e+00
-1.837662886237410920e+00
-1.837646088129519795e+00
-1.837483884737165063e+00
-1.837484257211162264e+00
-1.837468964853556486e+00
-1.837471827617713105e+00
-1.837469079959187290e+00
-1.837466842065620831e+00
-1.837448865472768089e+00
-1.837437080486794772e+00
-1.838500148896967223e+00
-1.838444051898671772e+00
-1.838440342598119948e+00
-1.838431426423160708e+00
-1.838462153179784897e+00
-1.838430760683521736e+00
-1.838429599534115333e+00
-1.838521098236024276e+00
-1.838386820303354430e+00
-1.838249991554775864e+00
-1.838162791769900162e+00
-1.838152203316744560e+00
-1.838141197362829216e+00
-1.838049413872903770e+00
-1.838026572791065849e+00
-1.837843559981933605e+00
-1.837128505213525331e+00
-1.835740151855458357e+00
-1.833912946842173319e+00
-1.833411787398063986e+00
-1.832299819639238603e+00
-1.829685926543657581e+00
-1.827739047764767477e+00
-1.826423656786633654e+00
-1.826089339701358449e+00
-1.824522617238730327e+00
-1.824248295073792381e+00
-1.823528998141354718e+00
-1.813229219403118764e+00
-1.811642528557996235e+00
-1.811636789382845780e+00
-1.811636692479365429e+00
-1.811633639639529836e+00
-1.811538157265161875e+00
-1.811525859478226197e+00
-1.811495953984744167e+00
-1.811484561784404423e+00
-1.811481760573514066e+00
-1.811450481308734428e+00
-1.811444783483113774e+00
-1.811348072106306883e+00
-1.811281056410430690e+00
-1.811278242210810907e+00
-1.811255019144714540e+00
-1.811174927954799063e+00
-1.811165727058243968e+00
-1.811150416391975604e+00
-1.811127807496924147e+00
-1.811122146051212578e+00
-1.811118400351480417e+00
-1.811012684264831973e+00
-1.811012549763046042e+00
-1.810873287991162428e+00
-1.810870558392766227e+00
-1.810846184936108383e+00
-1.810831284480185044e+00
-1.810795006256796125e+00
-1.810791959065758183e+00
-1.810613983130805238e+00
-1.810544501916560467e+00
-1.810542803644361598e+00
-1.810469438084919780e+00
-1.810332741704422599e+00
-1.810328624352869342e+00
-1.810319116752924229e+00
-1.810303107473072215e+00
-1.810301896641307362e+00
-1.809827488590031619e+00
-1.809860507787543593e+00
-1.809559642652043276e+00
-1.809515622517870348e+00
-1.809421251958636123e+00
-1.809396993497774275e+00
-1.809365084147424918e+00
-1.809339766881675082e+00
-1.809001207959668456e+00
-1.809000463795831237e+00
-1.808964087889421979e+00
-1.808553379586741894e+00
-1.808498073684883023e+00
-1.807861816627543528e+00
-1.807793379567096625e+00
-1.807613552483014363e+00
-1.807736566206267881e+00
-1.807382454203615874e+00
-1.805288735877152329e+00
-1.805028383277321957e+00
-1.805105604033407252e+00
-1.805538864960439582e+00
-1.783574035489361886e+00
-1.796544569435983840e+00
-1.795735995692004927e+00
-1.803903049369119493e+00
-1.812021602603438808e+00
-1.809343951086222591e+00
-1.801384190425498577e+00
-1.774829120215750011e+00
-1.811746987050736335e+00
-1.832507522244732456e+00
-1.816263071654774075e+00
-1.822383507205540099e+00
-1.828900168178596575e+00
-1.831529447590723780e+00
-1.831523813714144966e+00
-1.831171693705622605e+00
-1.825045790968370829e+00
-1.824068109534195514e+00
-1.823226154530138921e+00
-1.823034251544442874e+00
-1.821762564803936391e+00
-1.821749268181775516e+00
-1.821611795230246189e+00
-1.815611786178576992e+00
-1.813904544573964328e+00
-1.813615201850985237e+00
-1.813861715052860646e+00
-1.813688883648707062e+00
-1.813710266104533897e+00
-1.813573379968782762e+00
-1.813481391882081351e+00
-1.814557694582407343e+00
-1.816781585352740258e+00
-1.820210202211058226e+00
-1.818632584294720411e+00
-1.819136993503639887e+00
-1.818489400097575315e+00
-1.818507739357758446e+00
-1.818495272598059209e+00
-1.817874673658839590e+00
-1.818047307086459563e+00
-1.824208972512157523e+00
-1.824623786753559074e+00
-1.828910248008986272e+00
-1.837918809693098954e+00
-1.824755116845475200e+00
-1.833912396413932111e+00
-1.834984103978450687e+00
-1.835212582854928165e+00
-1.835250519777193112e+00
-1.835768919118655029e+00
-1.841833961713841727e+00
-1.841802992682287421e+00
-1.841256836603554436e+00
-1.840493902516677549e+00
-1.839955858413101053e+00
-1.831534947016364434e+00
-1.830856352109477392e+00
-1.828467888417838916e+00
-1.828065535740269754e+00
-1.828063582383831598e+00
-1.827970742652009761e+00
-1.827566154485856575e+00
-1.827481839899588234e+00
-1.825930603368875804e+00
-1.825932544836604166e+00
-1.825527625563538203e+00
-1.825541324453359149e+00
-1.826629096902443017e+00
-1.820324638316237253e+00
-1.819164533684463514e+00
-1.818890620074105735e+00
-1.819763289835834019e+00
-1.819145863592084522e+00
-1.819174909238989724e+00
-1.819268260993708308e+00
-1.830580915178971146e+00
-1.804619258497897283e+00
-1.810553343537817383e+00
-1.813700140992150267e+00
-1.801295809646231927e+00
-1.809445563461756556e+00
-1.802130254343854876e+00
-1.794658659568922898e+00
-1.795337792543977518e+00
-1.796183385496245011e+00
-1.800809814924653640e+00
-1.802487354230219996e+00
-1.796876296794328365e+00
-1.801381181923529251e+00
-1.807702094024768336e+00
-1.808092645140110921e+00
-1.808625621359079005e+00
-1.808441141636885519e+00
-1.813720732514175094e+00
-1.812196844376813720e+00
-1.811825216006962558e+00
-1.811424430443568712e+00
-1.811382097392151502e+00
-1.811380903857600755e+00
-1.814303137216579209e+00
-1.815932090031340707e+00
-1.817121323078941586e+00
-1.816445324689717644e+00
-1.817383725481377610e+00
-1.816566601232970424e+00
-1.816558634619179546e+00
-1.816563845200421135e+00
-1.816945669316651468e+00
-1.816917362329307561e+00
-1.817088909552041720e+00
-1.815976162434965069e+00
-1.815902383256492669e+00
-1.816012181052809815e+00
-1.816915494789169250e+00
-1.816890034093507023e+00
-1.816428253537771376e+00
-1.816468258682440329e+00
-1.816450416446306670e+00
-1.816494833189789659e+00
-1.816975891836434265e+00
-1.818400644861003723e+00
-1.817816282339346889e+00
-1.818784424045367887e+00
-1.818764523819581980e+00
-1.818785977349110183e+00
-1.818795822744910140e+00
-1.818812632950508545e+00
-1.818954505323191029e+00
-1.818885798816348931e+00
-1.818897073612428361e+00
-1.819039972239213876e+00
-1.819357278710883818e+00
-1.819339138151109481e+00
-1.819344242332426198e+00
-1.819395891879682869e+00
-1.819605301435034406e+00
-1.819771138133886357e+00
-1.819773926897408023e+00
-1.819782975157772764e+00
-1.819792349090618933e+00
-1.819898658459798479e+00
-1.820000749898453618e+00
-1.820015636471910003e+00
-1.820019407181481252e+00
-1.820143240901236137e+00
-1.820317013315235100e+00
-1.820352052775441987e+00
-1.820336889402440317e+00
-1.820354575186877044e+00
-1.820353825145226923e+00
-1.820620090366307897e+00
-1.820512965158850971e+00
-1.819893549508532438e+00
-1.819872641667502400e+00
-1.819794878314137332e+00
-1.819790935957724232e+00
-1.819813080882182188e+00
-1.819837269196043827e+00
-1.819835812393950647e+00
-1.819732865646303210e+00
-1.819574805273036722e+00
-1.819574688925758243e+00
-1.819576012638255857e+00
-1.819103308025546317e+00
-1.819019359158790650e+00
-1.819014807580852766e+00
-1.819004186297359382e+00
-1.819004407066541873e+00
-1.818893943395430313e+00
-1.818833031497718800e+00
-1.818685572057420208e+00
-1.818617358017082353e+00
-1.818515237728806300e+00
-1.818384592346758089e+00
-1.818223860309635231e+00
-1.818178152088481880e+00
-1.818178175289965059e+00
-1.818142573929856454e+00
-1.818156973824132772e+00
-1.818131842226683226e+00
-1.818096174110584551e+00
-1.818232560685996368e+00
-1.816503842877152053e+00
-1.816503537530683721e+00
-1.815777945161240803e+00
-1.815408840666385082e+00
-1.815330367097329756e+00
-1.815422721220984137e+00
-1.815256761409969499e+00
-1.815296938632243506e+00
-1.814964063174450137e+00
-1.814986736149071911e+00
-1.814907406462648254e+00
-1.814975135410717311e+00
-1.815484738985252644e+00
-1.815320666844068231e+00
-1.815363682319298455e+00
-1.815356898802249042e+00
-1.815348059576469719e+00
-1.815351964009416674e+00
-1.815361739999914459e+00
-1.815497796681820653e+00
-1.815545639535278255e+00
-1.814039082101343681e+00
-1.814303137230488527e+00
-1.811380903858263558e+00
-1.811391833390015194e+00
-1.811429293925194806e+00
-1.811840891076660798e+00
-1.812316298824243832e+00
-1.813775553289175502e+00
-1.811106392653045516e+00
-1.811527018191200877e+00
-1.811522575291297343e+00
-1.811818623051945298e+00
-1.813281184438392035e+00
-1.812132241043915348e+00
-1.821749493069822368e+00
-1.820077747846143845e+00
-1.816169626981548824e+00
-1.815522379485976723e+00
-1.815562754160453318e+00
-1.817391015377993302e+00
-1.818335244533456407e+00
-1.814011664860324835e+00
-1.824688527126806070e+00
-1.820893350802296640e+00
-1.820653970351994833e+00
-1.836029770770779113e+00
-1.827119970951518901e+00
-1.827120026745144843e+00
-1.827122235215729917e+00
-1.827351747783819036e+00
-1.827277517744454460e+00
-1.826364038882712482e+00
-1.828129163170031379e+00
-1.831955321763889977e+00
-1.834931021719796274e+00
-1.835086533851069346e+00
-1.833682150833138680e+00
-1.833772159128718826e+00
-1.834367413751624376e+00
-1.834387708134638917e+00
-1.834518657959632648e+00
-1.834079467194567048e+00
-1.834079196323552541e+00
-1.834973539367122486e+00
-1.835072999186029730e+00
-1.835190975422923643e+00
-1.843644070364187204e+00
-1.844285265314962619e+00
-1.847002519719555647e+00
-1.847171320049755705e+00
-1.847493147791148482e+00
-1.847541930382614384e+00
-1.847860306077459658e+00
-1.847878006987162980e+00
-1.847905735835597474e+00
-1.848511158902038876e+00
-1.848489252460196131e+00
-1.849314448319700599e+00
-1.848692995973187925e+00
-1.849259683941931520e+00
-1.849703832134594217e+00
-1.850101435801954963e+00
-1.849893688236556422e+00
-1.850242424249943562e+00
-1.850272045836573120e+00
-1.850269955346690143e+00
-1.850500512571387146e+00
-1.850208325199742987e+00
-1.850608578144069760e+00
-1.850857729093803528e+00
-1.851092725396740857e+00
-1.851043052962949798e+00
-1.851175511546596653e+00
-1.851246635705295684e+00
-1.851251003729224021e+00
-1.851413157300894285e+00
-1.851611751765759095e+00
-1.852039951866445877e+00
-1.852082891912623097e+00
-1.852110778954164427e+00
-1.852024571047736767e+00
-1.852196243646820673e+00
-1.853481503781791995e+00
-1.853642900975749352e+00
-1.853636878734644888e+00
-1.853656677866769797e+00
-1.854999353109572535e+00
-1.855453549315682515e+00
-1.855550505908426295e+00
-1.855922045727222525e+00
-1.856254731978730588e+00
-1.856826886069666616e+00
-1.857282969085395363e+00
-1.857271935603717061e+00
-1.857692077609847114e+00
-1.858245172457076766e+00
-1.858344048987159214e+00
-1.858434884922232522e+00
-1.858701578449452718e+00
-1.858705320615758882e+00
-1.858731425559413841e+00
-1.859112197134929145e+00
-1.859259326156533332e+00
-1.859284661202111666e+00
-1.859269941193221864e+00
-1.859350687851046846e+00
-1.859472274928870572e+00
-1.859728156993824655e+00
-1.859745938615233740e+00
-1.859755870683360790e+00
-1.860016523141404976e+00
-1.860160671239836194e+00
-1.860168550423726419e+00
-1.860242473921601025e+00
-1.860316085546188436e+00
-1.860387506338660124e+00
-1.860388069886196316e+00
-1.860397819171185851e+00
-1.860403110559892603e+00
-1.860542768605364383e+00
-1.860560352104686510e+00
-1.860646572476033267e+00
-1.860663554409445419e+00
-1.860692640600294157e+00
-1.860667957633645120e+00
-1.860781070854646391e+00
-1.860801147906223196e+00
-1.860846578877880964e+00
-1.860915766323607556e+00
-1.861022676032731749e+00
-1.861022452353118251e+00
-1.861037618400516402e+00
-1.861059506626019600e+00
-1.861232387704968128e+00
-1.861232926330310899e+00
-1.861234367129660505e+00
-1.861237217687745193e+00
-1.861240222382936960e+00
-1.861243512069868711e+00
-1.861283453209409133e+00
-1.861283551299890204e+00
-1.861298054470335472e+00
-1.861349655394157088e+00
-1.861354977796495724e+00
-1.861356624764518575e+00
-1.861446104162792325e+00
-1.861460437371261545e+00
-1.861553718952153158e+00
-1.861599666701781119e+00
-1.861588979155959001e+00
-1.861619293825097499e+00
-1.861639760982328529e+00
-1.861632159079499083e+00
-1.861611443671127075e+00
-1.861604961784066870e+00
-1.861692349558335291e+00
-1.861758029861851682e+00
-1.861759249965859730e+00
-1.861791468533512850e+00
-1.861793612973321466e+00
-1.861793471249297172e+00
-1.861794058634719473e+00
-1.862032590104024887e+00
-1.862316656632480694e+00
-1.862329770531835127e+00
-1.862373914264986441e+00
-1.862635957419475297e+00
-1.863039518778270009e+00
-1.863277837907967083e+00
-1.864257719567380178e+00
-1.866571797779344788e+00
-1.867391309828509094e+00
-1.867828857737819037e+00
-1.868458056245607679e+00
-1.868886168194753061e+00
-1.869180220150424843e+00
-1.869356479140339644e+00
-1.869357607853985304e+00
-1.869365861725815314e+00
-1.862216422556495221e+00
-1.863162166549412690e+00
-1.862387891543346274e+00
-1.861273670568370786e+00
-1.861370377224321082e+00
-1.861350605785343504e+00
-1.861354105934749592e+00
-1.861376481291124652e+00
-1.861375870024647661e+00
-1.861392326329600166e+00
-1.861395484253185906e+00
-1.861662051093885939e+00
-1.861677489892583637e+00
-1.861787690726502298e+00
-1.861716208840396458e+00
-1.861893664495563705e+00
-1.861896872018963478e+00
-1.861900085298479723e+00
-1.861932300715121613e+00
-1.862019258873522043e+00
-1.862034989697183285e+00
-1.862038126899606016e+00
-1.862039764583876877e+00
-1.862061936487898528e+00
-1.862066320209389669e+00
-1.862107341687989637e+00
-1.862107341688002737e+00
-1.862066320190757240e+00
-1.862061936487896530e+00
-1.862039764587664736e+00
-1.862038126898972745e+00
-1.862034989697422649e+00
-1.862019258873481187e+00
-1.861932300715820165e+00
-1.861900080803263968e+00
-1.861896811252742978e+00
-1.861893664495265721e+00
-1.861716208840391795e+00
-1.861685191173031217e+00
-1.861677489893210247e+00
-1.861662051094849168e+00
-1.861395483185162014e+00
-1.861392327363183163e+00
-1.861375839949559907e+00
-1.861376481292816187e+00
-1.861354106204807790e+00
-1.861350602488708761e+00
-1.861305981167120427e+00
-1.861274296540481155e+00
-1.862389769275023088e+00
-1.863161698282949086e+00
-1.854886431441778782e+00
-1.869365936862517730e+00
-1.869357607996894988e+00
-1.869355373458705172e+00
-1.869180220174588181e+00
-1.868886163644988940e+00
-1.868458056204292284e+00
-1.867828857726114400e+00
-1.867391309813775768e+00
-1.866571797753259654e+00
-1.864257719569787364e+00
-1.863277794559877076e+00
-1.863039518779170400e+00
-1.862635957420868404e+00
-1.862373914247368312e+00
-1.862329770531967466e+00
-1.862316656762105449e+00
-1.862032590100234586e+00
-1.861794058635253934e+00
-1.861793471302690905e+00
-1.861793612973363432e+00
-1.861791468532628446e+00
-1.861759249964572316e+00
-1.861758029861604324e+00
-1.861692349552102055e+00
-1.861604960426533451e+00
-1.861611443478792705e+00
-1.861632158682507976e+00
-1.861639760936493415e+00
-1.861619303744000753e+00
-1.861588979156159507e+00
-1.861599666703344980e+00
-1.861553718999825691e+00
-1.861460437420525915e+00
-1.861446104157747250e+00
-1.861356624765015511e+00
-1.861354977795917964e+00
-1.861349655394479274e+00
-1.861298054470347907e+00
-1.861283557339948658e+00
-1.861283453206861171e+00
-1.861243512069094219e+00
-1.861240222382919418e+00
-1.861237217688139323e+00
-1.861234367129596112e+00
-1.861232980147189853e+00
-1.861232387703087188e+00
-1.861059506584595402e+00
-1.861037618400325444e+00
-1.861022430835142183e+00
-1.860915787151976364e+00
-1.860915766325284437e+00
-1.860846578883545765e+00
-1.860801147904257657e+00
-1.860781070869180542e+00
-1.860667957632946123e+00
-1.860646315372921578e+00
-1.860663554409190956e+00
-1.860646572478069416e+00
-1.860560352094870806e+00
-1.860542768640049527e+00
-1.860403110569239571e+00
-1.860397819167709743e+00
-1.860388069886883766e+00
-1.860387506338558650e+00
-1.860316085537541131e+00
-1.860242473919099471e+00
-1.860168550425147949e+00
-1.860160671239964980e+00
-1.860016523141402534e+00
-1.859755870683263312e+00
-1.859745938614334237e+00
-1.859728156996786286e+00
-1.859472274928899438e+00
-1.859350687844169903e+00
-1.859269941193066433e+00
-1.859281106499937497e+00
-1.859258959475774242e+00
-1.859112197137326783e+00
-1.858731425550777416e+00
-1.858705320613964318e+00
-1.858701578450061342e+00
-1.858434884928323871e+00
-1.858344048998047171e+00
-1.858245172456603811e+00
-1.857692077606666103e+00
-1.857271935603669544e+00
-1.857282969083208002e+00
-1.856826886023042578e+00
-1.856254731970770511e+00
-1.855922045722427027e+00
-1.855550505908136305e+00
-1.855453549315676076e+00
-1.854999353105321269e+00
-1.853656677867580926e+00
-1.853636877466412702e+00
-1.853642900097463242e+00
-1.853481503795773921e+00
-1.852196243645000351e+00
-1.852024571029992961e+00
-1.852110765093345268e+00
-1.852082891937192777e+00
-1.852039951862169520e+00
-1.851611751759872693e+00
-1.851413157300932255e+00
-1.851251003729356803e+00
-1.851246635704171473e+00
-1.851175511546782726e+00
-1.851043052962572988e+00
-1.851092724944693568e+00
-1.850857729160706455e+00
-1.850608577964206525e+00
-1.850208325185817015e+00
-1.850500512569078548e+00
-1.850269955345085204e+00
-1.850168625237665010e+00
-1.849889663412194185e+00
-1.849893688236754485e+00
-1.850101435806946526e+00
-1.849703832101377232e+00
-1.849259663960804545e+00
-1.848692991213234604e+00
-1.848667048926614154e+00
-1.848489252397168769e+00
-1.848511159018921823e+00
-1.847905735558870166e+00
-1.847878006987123012e+00
-1.847860306019788013e+00
-1.847541930382641251e+00
-1.847493147791166912e+00
-1.847171320052282351e+00
-1.847002519727112047e+00
-1.844285265314816069e+00
-1.843644069887612869e+00
-1.835190975426918003e+00
-1.835072999187837395e+00
-1.834973539446052460e+00
-1.834079530239985267e+00
-1.834079257672331931e+00
-1.834518653784499742e+00
-1.834387707972745751e+00
-1.834367413296379867e+00
-1.833772644460107015e+00
-1.833684210796346470e+00
-1.835086532160687067e+00
-1.834931020597756701e+00
-1.831955322354422711e+00
-1.828129163212188324e+00
-1.826364038122219480e+00
-1.827277515432326194e+00
-1.827378853748077958e+00
-1.827261164508897640e+00
-1.827258625803617420e+00
-1.827276940869460686e+00
-1.836309053378035294e+00
-1.821863134692441655e+00
-1.821993433791955219e+00
-1.824110492856915844e+00
-1.818526319754620202e+00
-1.821305459986614306e+00
-1.820443674253915400e+00
-1.818852363184670251e+00
-1.818787219870084737e+00
-1.819467937599502205e+00
-1.822525469325335212e+00
-1.823443948291842087e+00
-1.815603827029078854e+00
-1.816122783679353203e+00
-1.817227376687130302e+00
-1.816018462796464839e+00
-1.816232636226809749e+00
-1.815830806478109460e+00
-1.817417076932155373e+00
-1.816651251725388327e+00
-1.816346952074202825e+00
-1.815973081328856598e+00
-1.815979816065822705e+00
-1.815971002353413910e+00
-1.817654308405929342e+00
-1.817674607147546695e+00
-1.818744981426390073e+00
-1.818900699286466693e+00
-1.818466263636402624e+00
-1.818449987094922671e+00
-1.818501829913278911e+00
-1.818506002991743031e+00
-1.818538863572281894e+00
-1.818528429387713530e+00
-1.818643155242186671e+00
-1.817989570173467850e+00
-1.817397254222731018e+00
-1.807594113217684706e+00
-1.807692580780114966e+00
-1.808347310560582732e+00
-1.808343653857911626e+00
-1.808653963013782118e+00
-1.808655745935554782e+00
-1.808501457965584258e+00
-1.808715250888928594e+00
-1.809000270352181250e+00
-1.809110984413230483e+00
-1.815013899763536109e+00
-1.815012125595577785e+00
-1.815029711165278670e+00
-1.815029772318307089e+00
-1.815035106728335457e+00
-1.815051460634463876e+00
-1.815055599887527737e+00
-1.815114821873595741e+00
-1.815387585084220046e+00
-1.815495721027613474e+00
-1.815527050628127359e+00
-1.815546393554597238e+00
-1.815592520807884025e+00
-1.815714545262033131e+00
-1.815911636557549169e+00
-1.815913106416218392e+00
-1.815915278041480452e+00
-1.815920840662249125e+00
-1.815921701996836335e+00
-1.816126151705807157e+00
-1.816149756520925695e+00
-1.816168522933883311e+00
-1.816341432876067197e+00
-1.816401136268465777e+00
-1.816449212311660899e+00
-1.816451632217251255e+00
-1.816497220090921516e+00
-1.816521264152395787e+00
-1.816545802378502161e+00
-1.816565395160284035e+00
