-1.422201208086976365e+00
-1.422347284285367053e+00
-1.422230214769286238e+00
-1.422250188969458984e+00
-1.423868481878028946e+00
-1.425252978536685644e+00
-1.425567094761330367e+00
-1.426357927840408601e+00
-1.426480503567834290e+00
-1.426502275658564356e+00
-1.452785579275249095e+00
-1.463160541932412517e+00
-1.463738906369400183e+00
-1.464013757444114550e+00
-1.464029212954107262e+00
-1.467462729955202994e+00
-1.464508256218831184e+00
-1.463808237876104812e+00
-1.463886915906096764e+00
-1.464169681371620291e+00
-1.464185193736788015e+00
-1.464227613855550336e+00
-1.463446774481954593e+00
-1.463459595367646138e+00
-1.463525570030224987e+00
-1.463951727961190219e+00
-1.464259847612801035e+00
-1.464056746004164467e+00
-1.464853098126555508e+00
-1.470008197981882869e+00
-1.470006666419513719e+00
-1.470252412166149991e+00
-1.471398130470288113e+00
-1.470833448528925391e+00
-1.471725537582484478e+00
-1.465296234005404541e+00
-1.465354656750744500e+00
-1.466916038357434227e+00
-1.467226915743504279e+00
-1.467694580169046636e+00
-1.470500107093241748e+00
-1.467889472592938116e+00
-1.463350677829574398e+00
-1.470565832968202757e+00
-1.470615932000142623e+00
-1.471112300702337894e+00
-1.471278837814300022e+00
-1.471376188619884839e+00
-1.472536570054840288e+00
-1.477172824309823440e+00
-1.499041782115166033e+00
-1.491673227108516908e+00
-1.579748956105695656e+00
-1.685565999879902632e+00
-1.685581874024339788e+00
-1.685604506770667754e+00
-1.686720194450720633e+00
-1.689123446630607983e+00
-1.697968707306669156e+00
-1.698298556145222182e+00
-1.699200502014449832e+00
-1.705633273014279805e+00
-1.706947169008125709e+00
-1.711834408226085014e+00
-1.712878593560345664e+00
-1.724545094097799769e+00
-1.724792091093536150e+00
-1.724926226494728931e+00
-1.725301633100722043e+00
-1.726611428111709756e+00
-1.743167487373517233e+00
-1.755347852715460233e+00
-1.755464234921127797e+00
-1.759656432006779347e+00
-1.759924738979124603e+00
-1.760225492359236421e+00
-1.777191330945071313e+00
-1.777355193624123419e+00
-1.777502449183601563e+00
-1.777509287801659177e+00
-1.778819823002004030e+00
-1.829776593679786956e+00
-1.828723055051844071e+00
-1.830660883477134959e+00
-1.842174781494319014e+00
-1.842706143173738820e+00
-1.842764282631875972e+00
-1.842919578933584823e+00
-1.843231179295286015e+00
-1.843490246735714377e+00
-1.843493266015569620e+00
-1.843926546679321099e+00
-1.843471412083371286e+00
-1.843480041209078157e+00
-1.843563005937967736e+00
-1.844010456485256633e+00
-1.844201791741029384e+00
-1.850870616504192601e+00
-1.851326065361654560e+00
-1.854018394227095357e+00
-1.854132228996803633e+00
-1.854419536420630843e+00
-1.854419758211004687e+00
-1.854925139683504476e+00
-1.854747250281786775e+00
-1.854780904123829899e+00
-1.855151337552117585e+00
-1.855127389582623465e+00
-1.855164775393968624e+00
-1.855213604645291836e+00
-1.855416622391196757e+00
-1.855738162726869422e+00
-1.856044853574670750e+00
-1.855978502813522724e+00
-1.855999708383627489e+00
-1.856146638235681712e+00
-1.856396624302765419e+00
-1.856943561203251658e+00
-1.856949561163089513e+00
-1.857362481318984626e+00
-1.857622754437790569e+00
-1.857777064794106536e+00
-1.857806692045368191e+00
-1.857877060266117653e+00
-1.857883640170326034e+00
-1.857888394248827790e+00
-1.858003944579560418e+00
-1.858129919215347314e+00
-1.858314004675188258e+00
-1.858310799317415496e+00
-1.858339786671228344e+00
-1.858389832900867233e+00
-1.858400954411303374e+00
-1.859257665808476734e+00
-1.859406689502841825e+00
-1.859368536530740190e+00
-1.859405267169076392e+00
-1.861662897557076590e+00
-1.861923224673584176e+00
-1.861936130941051371e+00
-1.862268898581696863e+00
-1.862285507643589577e+00
-1.862708977343204619e+00
-1.862780622201605452e+00
-1.862757343211749461e+00
-1.863129155162043471e+00
-1.863502662801723941e+00
-1.863561612475322926e+00
-1.863626193118036678e+00
-1.863839431087475074e+00
-1.863851098330385980e+00
-1.863888305242846322e+00
-1.863997426123772616e+00
-1.864055556723906770e+00
-1.864101434648270494e+00
-1.864089942726452787e+00
-1.864114593627662408e+00
-1.864229124448189889e+00
-1.864468797392039967e+00
-1.864478768187869173e+00
-1.864499835898721702e+00
-1.864663355297619951e+00
-1.864814728797609344e+00
-1.864833166099532313e+00
-1.864954162861988785e+00
-1.865012121386613320e+00
-1.865032031728726336e+00
-1.865043279499733142e+00
-1.865051585760428621e+00
-1.865064519911250773e+00
-1.865160855745072510e+00
-1.865162763524199852e+00
-1.865218848226698700e+00
-1.865235104797480892e+00
-1.865261817584584758e+00
-1.865267319236755927e+00
-1.865298741854218401e+00
-1.865298903702348188e+00
-1.865308244334758170e+00
-1.865341880540269726e+00
-1.865512534256694721e+00
-1.865512034467351477e+00
-1.865514180697384505e+00
-1.865533366289868766e+00
-1.865727650497207124e+00
-1.865728180951965465e+00
-1.865734100714939947e+00
-1.865735370746724797e+00
-1.865746044630844480e+00
-1.865737257139087557e+00
-1.865797954340890019e+00
-1.865798171681317008e+00
-1.865812397554756474e+00
-1.865822548448240470e+00
-1.865837560611740109e+00
-1.865862476465309117e+00
-1.865939048944061041e+00
-1.865939729696370675e+00
-1.866050830498837465e+00
-1.866063965374312072e+00
-1.866047793978701907e+00
-1.866084557268773869e+00
-1.866124062907114078e+00
-1.866124903954150538e+00
-1.866147825434341545e+00
-1.866140839113799466e+00
-1.865241241431078834e+00
-1.865243632333286161e+00
-1.865256611701206602e+00
-1.865271941775309639e+00
-1.865307025004863117e+00
-1.865307013596515517e+00
-1.865311297410037206e+00
-1.865472293202242282e+00
-1.866134619652253024e+00
-1.866184784423234877e+00
-1.866278773501420574e+00
-1.866537756198999309e+00
-1.866900498887348103e+00
-1.867073288660629160e+00
-1.867958070064543286e+00
-1.870168001360906107e+00
-1.870703139969846163e+00
-1.870947960653191133e+00
-1.872124913180759354e+00
-1.872416462146181626e+00
-1.872635360457304277e+00
-1.872929239837664461e+00
-1.872943814371969440e+00
-1.872944431783157615e+00
-1.872950863759046403e+00
-1.873069972482757528e+00
-1.873146116707118836e+00
-1.873150965690428160e+00
-1.873159109402480871e+00
-1.873174778132811191e+00
-1.873141059203163872e+00
-1.873148136246229889e+00
-1.873238032342168236e+00
-1.873192557011216008e+00
-1.873193314554949529e+00
-1.873239990724656412e+00
-1.873249907064867603e+00
-1.873423688147686672e+00
-1.873359858701695302e+00
-1.873394662993482118e+00
-1.873365304737187209e+00
-1.873399683580701192e+00
-1.873406735217606700e+00
-1.873415731014409946e+00
-1.873404691026005153e+00
-1.873410468360349634e+00
-1.873408782200951528e+00
-1.873417368381067316e+00
-1.873432585960919550e+00
-1.873468302043694855e+00
-1.873468302041163103e+00
-1.873432585961147367e+00
-1.873417368379101777e+00
-1.873408782198045408e+00
-1.873410468347904034e+00
-1.873404691138664147e+00
-1.873415731843858012e+00
-1.873362084071420242e+00
-1.873399694530312409e+00
-1.873365300876727257e+00
-1.873394663121461079e+00
-1.873359858704391145e+00
-1.873264334546602683e+00
-1.873250230759756496e+00
-1.873239990737820326e+00
-1.873193321447464754e+00
-1.873192552897465779e+00
-1.873147779425786918e+00
-1.873148136245625928e+00
-1.873141059203187408e+00
-1.873131639948059757e+00
-1.873159109401950406e+00
-1.873150965693832104e+00
-1.873146116706865927e+00
-1.873069972461854027e+00
-1.872950863760773910e+00
-1.872944431783894803e+00
-1.872943814370514382e+00
-1.872929239838172055e+00
-1.872635360441218255e+00
-1.872416462222439959e+00
-1.872124913180491124e+00
-1.870947960654664843e+00
-1.870703139969211781e+00
-1.870168001345114295e+00
-1.867958070064639653e+00
-1.867073234911895696e+00
-1.866900498887452686e+00
-1.866537756199016629e+00
-1.866278773506931277e+00
-1.866184784423013943e+00
-1.866134619660286820e+00
-1.865472293200103326e+00
-1.865311297409928404e+00
-1.865307013278901360e+00
-1.865307024959358184e+00
-1.865271941783497311e+00
-1.865256611715793600e+00
-1.865243632330469081e+00
-1.865241241102853831e+00
-1.866140839024999831e+00
-1.866147825683731387e+00
-1.866124903879941233e+00
-1.866124062794006111e+00
-1.866084552393449059e+00
-1.866047794211710187e+00
-1.866063965356182353e+00
-1.866050830505213476e+00
-1.865939729711728168e+00
-1.865939048938939360e+00
-1.865862476465272035e+00
-1.865837560611720569e+00
-1.865822548448250462e+00
-1.865812397554721169e+00
-1.865798170133090572e+00
-1.865797954340052023e+00
-1.865737257134097993e+00
-1.865746044630300471e+00
-1.865735370745754906e+00
-1.865734100714396160e+00
-1.865728268954351066e+00
-1.865727650497162715e+00
-1.865533366282103866e+00
-1.865514180706659086e+00
-1.865512051785681802e+00
-1.865512534256148935e+00
-1.865341880498398108e+00
-1.865308244330813991e+00
-1.865298903702824918e+00
-1.865298741857689402e+00
-1.865267319236113330e+00
-1.865261817565941005e+00
-1.865235104798772747e+00
-1.865218848226297910e+00
-1.865162763523303679e+00
-1.865160855716502031e+00
-1.865064519910253793e+00
-1.865051585765293396e+00
-1.865043279308844948e+00
-1.865032031711735483e+00
-1.865012121386154353e+00
-1.864954162860472664e+00
-1.864833166100364981e+00
-1.864814728798729782e+00
-1.864663355293661784e+00
-1.864499835898737690e+00
-1.864478768184626878e+00
-1.864468797392297095e+00
-1.864229124407210225e+00
-1.864114593630441297e+00
-1.864089942721605109e+00
-1.864101434649997557e+00
-1.864055556704144134e+00
-1.863997426124174073e+00
-1.863888305239270293e+00
-1.863851098331478662e+00
-1.863839431087282117e+00
-1.863626193133089304e+00
-1.863561612462569350e+00
-1.863502662811046484e+00
-1.863129155136989290e+00
-1.862757343211735694e+00
-1.862780622229444294e+00
-1.862708977351965611e+00
-1.862285507642577720e+00
-1.862268898589814370e+00
-1.861936130941681977e+00
-1.861923224673505128e+00
-1.861662897556569884e+00
-1.859405267173806831e+00
-1.859368536472902012e+00
-1.859406689502851817e+00
-1.859257665813746740e+00
-1.858400954380035941e+00
-1.858389832881390591e+00
-1.858339785351483364e+00
-1.858310799305670891e+00
-1.858314004698229160e+00
-1.858129919216219506e+00
-1.858003944588754175e+00
-1.857888394248120134e+00
-1.857883640170110429e+00
-1.857877060265876956e+00
-1.857806692045204766e+00
-1.857777064795498756e+00
-1.857622754371066165e+00
-1.857362481438882940e+00
-1.856949561158846240e+00
-1.856943561238511009e+00
-1.856396624302847131e+00
-1.856047334629479018e+00
-1.855977407884829011e+00
-1.855978502813934394e+00
-1.856044853576847009e+00
-1.855738162728707064e+00
-1.855416622427902285e+00
-1.855213604774996305e+00
-1.855164775369992025e+00
-1.855127389555222273e+00
-1.855151337636459896e+00
-1.855239859916657519e+00
-1.856139806264428316e+00
-1.854925142086764067e+00
-1.854951901775168777e+00
-1.855345012463977206e+00
-1.855214086352726888e+00
-1.855210169291987787e+00
-1.855416539673833576e+00
-1.854855432667380732e+00
-1.855145967244918204e+00
-1.856614400950780563e+00
-1.855103792025874387e+00
-1.855501102347916653e+00
-1.855320748948272591e+00
-1.855394647325658841e+00
-1.855742363518217086e+00
-1.855853362355130987e+00
-1.855939232548823314e+00
-1.855940266903589375e+00
-1.855976636953293735e+00
-1.855943237916758193e+00
-1.858906560467264768e+00
-1.862814076637363758e+00
-1.863145813067735634e+00
-1.856221072399513172e+00
-1.856713716544522885e+00
-1.856718177445916496e+00
-1.856724819151818417e+00
-1.856861753793987324e+00
-1.858565582793469728e+00
-1.857752966957700647e+00
-1.858939551637349030e+00
-1.859461416590864280e+00
-1.859977873149263772e+00
-1.860630620109076316e+00
-1.860483498686852810e+00
-1.860340100718892664e+00
-1.859725530424362283e+00
-1.859363579068530559e+00
-1.858060599418479786e+00
-1.857158937693748513e+00
-1.856597278246249649e+00
-1.856293498778310624e+00
-1.856101543719653968e+00
-1.856549309678551696e+00
-1.856197917499000205e+00
-1.856601043152711572e+00
-1.855132595739423573e+00
-1.855001014430036399e+00
-1.855352817815365984e+00
-1.854870588451361657e+00
-1.854836696847267152e+00
-1.855909457419889996e+00
-1.854948413869140555e+00
-1.854914211508531308e+00
-1.854826765987823034e+00
-1.854812033001775440e+00
-1.854885151347552386e+00
-1.854923438931017410e+00
-1.854902076835076574e+00
-1.854931380802872232e+00
-1.855089826240855722e+00
-1.855052451665240021e+00
-1.855255536758730894e+00
-1.855271668699260523e+00
-1.855316496425414297e+00
-1.855389513118119726e+00
-1.855710074238987151e+00
-1.855507496966892322e+00
-1.855521166103259123e+00
-1.855618760680146195e+00
-1.855673533003543207e+00
-1.855706843616832025e+00
-1.855756654841838937e+00
-1.856028846165505675e+00
-1.856041463553245841e+00
-1.856492058459031202e+00
-1.856453718063897806e+00
-1.856472148371079101e+00
-1.856471059662910150e+00
-1.856523381035214637e+00
-1.856820553549486164e+00
-1.856870978930941884e+00
-1.856877005338816611e+00
-1.857149196017439108e+00
-1.857254820929036931e+00
-1.857261798571145706e+00
-1.857289623039773740e+00
-1.857314681772528342e+00
-1.857297386374676895e+00
-1.857446759624525434e+00
-1.857460175571902239e+00
-1.857476087168234757e+00
-1.857503882640046955e+00
-1.857597626086469278e+00
-1.857639199644363082e+00
-1.857612774602595884e+00
-1.857624422852985457e+00
-1.857632543977251860e+00
-1.857703092609864548e+00
-1.857755926969349325e+00
-1.857717802025044662e+00
-1.857750588705307626e+00
-1.857740204405986972e+00
-1.857831354108722799e+00
-1.857845615035463194e+00
-1.857313425613601687e+00
-1.857306536818102760e+00
-1.857258258433287068e+00
-1.857258204817293201e+00
-1.857321633435687680e+00
-1.857261203171133968e+00
-1.857263319641702992e+00
-1.857225558416704558e+00
-1.857220220224762741e+00
-1.857196953620618318e+00
-1.857240208718092811e+00
-1.856921069269248825e+00
-1.856889901560544009e+00
-1.856829737251844081e+00
-1.856828674382736466e+00
-1.856816569809836892e+00
-1.856739561484722190e+00
-1.856789993131728878e+00
-1.856651439568263395e+00
-1.856623826887366491e+00
-1.856558000383829121e+00
-1.856539778556583808e+00
-1.856317528619482848e+00
-1.856165748919495151e+00
-1.856164956576553671e+00
-1.856123465459043054e+00
-1.856152365363225476e+00
-1.856125106493337285e+00
-1.856134222810490897e+00
-1.856101511163134266e+00
-1.854939199484048284e+00
-1.854941207429992689e+00
-1.854818883176060362e+00
-1.855084431539939516e+00
-1.855085727979302046e+00
-1.855124204799426746e+00
-1.855098245950716151e+00
-1.855189230893303121e+00
-1.855152195653468006e+00
-1.855157064950420542e+00
-1.855300932147217807e+00
-1.855264255640665549e+00
-1.855278680215182163e+00
-1.855147350810389950e+00
-1.855182466461099189e+00
-1.855191967449597357e+00
-1.855216520576885575e+00
-1.855214085542618463e+00
-1.855240644956680729e+00
-1.855299176395000416e+00
-1.855343061050369169e+00
-1.854849081318222126e+00
-1.854807642759964237e+00
-1.856302472470793496e+00
-1.855178888485508937e+00
-1.855238269571372722e+00
-1.855715688833523336e+00
-1.855530823221767545e+00
-1.855700438059689983e+00
-1.856765494794900384e+00
-1.856221266873208098e+00
-1.856782803927929937e+00
-1.856193912639776622e+00
-1.858351235192067019e+00
-1.858055838103140456e+00
-1.857892414572208661e+00
-1.858673546177140423e+00
-1.859983858402610490e+00
-1.860246118180840291e+00
-1.861271105561613570e+00
-1.861478853195527750e+00
-1.861731561164528648e+00
-1.861080175925791780e+00
-1.861246294555339853e+00
-1.860387717806685215e+00
-1.859855050719260827e+00
-1.862545210251680405e+00
-1.861588220068358002e+00
-1.861599440902789393e+00
-1.861597673017279408e+00
-1.861643004936295975e+00
-1.861556112938982821e+00
-1.867686529600544709e+00
-1.867743481789266413e+00
-1.864301506958233601e+00
-1.864385691782830978e+00
-1.862205226625187393e+00
-1.862059459021100594e+00
-1.862351598065605796e+00
-1.862322763856445462e+00
-1.862399358140190753e+00
-1.862315380136541965e+00
-1.862276508184435464e+00
-1.862484419654974799e+00
-1.862159855051734869e+00
-1.863128600906621024e+00
-1.860240077291333449e+00
-1.859475812700521313e+00
-1.859502165339753876e+00
-1.860241858435141005e+00
-1.860291556976501504e+00
-1.860809518541733265e+00
-1.860694506120491143e+00
-1.860660021937355024e+00
-1.861301177162301146e+00
-1.862298401798981873e+00
-1.862231055590587214e+00
-1.861410395899048664e+00
-1.859939545127762495e+00
-1.860093196617788713e+00
-1.860386731550096151e+00
-1.860470600571029198e+00
-1.860629616035534450e+00
-1.860491279097032713e+00
-1.860490145040698984e+00
-1.860671733801960492e+00
-1.861744781984362440e+00
-1.863371262294554853e+00
-1.863401853402485653e+00
-1.863803080281675850e+00
-1.863883142415038607e+00
-1.864019171508655592e+00
-1.864087893962866893e+00
-1.864130748426777950e+00
-1.864173857653456556e+00
-1.864174244672870406e+00
-1.864298940831341511e+00
-1.864302789918814707e+00
-1.865003452501043713e+00
-1.864997239982674415e+00
-1.865028721491282404e+00
-1.865118504212490702e+00
-1.865120975717311280e+00
-1.865621716795671681e+00
-1.865885211258455190e+00
-1.865889437037389520e+00
-1.865921788381611268e+00
-1.867227114479220296e+00
-1.867494622947479144e+00
-1.867500197119063232e+00
-1.867865713158719521e+00
-1.867933732539458713e+00
-1.868285543388251480e+00
-1.868393600851406378e+00
-1.868360733306492438e+00
-1.868710512036483085e+00
-1.869220393894526655e+00
-1.869228778591222051e+00
-1.869304613510235136e+00
-1.869492563806270047e+00
-1.869509455821394051e+00
-1.869484956637675666e+00
-1.869657127848065592e+00
-1.869675031433204460e+00
-1.869533708896566004e+00
-1.869664207456110727e+00
-1.869838539037477210e+00
-1.869221419511081894e+00
-1.869532964621023918e+00
-1.866962101510208694e+00
-1.867014238497220369e+00
-1.867009335008472881e+00
-1.866979697571700569e+00
-1.867035423015512396e+00
-1.866993074154802423e+00
-1.864119828527248002e+00
-1.866550490194232470e+00
-1.866888096646278861e+00
-1.860294015149277058e+00
-1.866154377905461015e+00
-1.866242883541674669e+00
-1.866345659449109462e+00
-1.863559983342705895e+00
-1.866144815175677873e+00
-1.865468531484729686e+00
-1.865037898644363423e+00
-1.863671187148979058e+00
-1.865217275218658433e+00
-1.865199729263510742e+00
-1.865217937114604707e+00
-1.865189765283620682e+00
-1.865189787992205472e+00
-1.865284375168972719e+00
-1.865357207585834232e+00
-1.865482846699182851e+00
-1.865482514707083483e+00
-1.865523006050207933e+00
-1.865524059693945969e+00
-1.865525554059312530e+00
-1.865526099157811757e+00
-1.865541792462789505e+00
-1.865542050726151313e+00
-1.865632587772628526e+00
-1.865657478843027128e+00
-1.865669463227925373e+00
-1.865671630601953623e+00
-1.865740787319914329e+00
-1.865741921897820177e+00
-1.865768205174568095e+00
-1.865773452077743366e+00
-1.865943321153098911e+00
-1.866024642865910188e+00
-1.865457798949312629e+00
-1.865462006566962705e+00
-1.865489946891836226e+00
-1.865255117336278357e+00
-1.865354751351488316e+00
-1.865577475727187906e+00
-1.865535736139294576e+00
-1.865555994276897112e+00
-1.865608515737469553e+00
-1.865609748578606286e+00
-1.865813053983924608e+00
-1.866010429136843563e+00
-1.866958988390946539e+00
-1.867159987616878958e+00
-1.867282056892189956e+00
-1.867742151838576614e+00
-1.867935322035347623e+00
-1.868121133774724107e+00
-1.868615053281442950e+00
-1.870209522261853552e+00
-1.870716365249191160e+00
-1.870867031701765715e+00
-1.871828406035609849e+00
-1.872856469094612786e+00
-1.873080923855347857e+00
-1.873250399095784280e+00
-1.873328000706301566e+00
-1.873414614975913661e+00
-1.873434364890640191e+00
-1.873480920900171265e+00
-1.873492488217138208e+00
-1.873498225061105860e+00
-1.873506147012596657e+00
-1.873521178124637254e+00
-1.873514860109067648e+00
-1.873517291936996676e+00
-1.873517817301151744e+00
-1.873529901827094335e+00
-1.873532666138999492e+00
-1.873660108474488828e+00
-1.873692674421607585e+00
-1.873752903581030305e+00
-1.873755542508456662e+00
-1.873812219469474183e+00
-1.873814358862632146e+00
-1.873812124026058568e+00
-1.873826016428520314e+00
-1.873828359672217170e+00
-1.873828978711712612e+00
-1.873842481567705054e+00
-1.873847241883676462e+00
-1.873857398755590431e+00
-1.873857678834440321e+00
-1.873981852190239383e+00
-1.873981852193697506e+00
-1.873857678828061868e+00
-1.873857398753581593e+00
-1.873847241884998738e+00
-1.873842481567758345e+00
-1.873828978711326476e+00
-1.873828359666677379e+00
-1.873826016429669394e+00
-1.873812129080144606e+00
-1.873814380505096633e+00
-1.873812219469254359e+00
-1.873755542508448002e+00
-1.873713895768627014e+00
-1.873692507602220170e+00
-1.873660108485849296e+00
-1.873531744477651806e+00
-1.873529901827097888e+00
-1.873517572126047970e+00
-1.873517291936293905e+00
-1.873514860109043889e+00
-1.873504138005439579e+00
-1.873506146915279391e+00
-1.873498225043015442e+00
-1.873492488224353769e+00
-1.873480920485879997e+00
-1.873434364816517927e+00
-1.873414614801423017e+00
-1.873328000740772215e+00
-1.873250399036247682e+00
-1.873080923880694248e+00
-1.872856469096439103e+00
-1.871828406036151193e+00
-1.870867031695721661e+00
-1.870716365237710122e+00
-1.870209522213376108e+00
-1.868615053281938998e+00
-1.868121105849792407e+00
-1.867935322034985468e+00
-1.867742151863893474e+00
-1.867282056891667485e+00
-1.867159987616607175e+00
-1.866958988305827960e+00
-1.866010429136600868e+00
-1.865813053983996994e+00
-1.865609748016160641e+00
-1.865608515699050729e+00
-1.865555994296810738e+00
-1.865535736081056495e+00
-1.865577475882780112e+00
-1.865354750655354499e+00
-1.865255117335968826e+00
-1.865489946632235441e+00
-1.865462006723522581e+00
-1.865457792917827984e+00
-1.866024637061452385e+00
-1.865943320915452563e+00
-1.865768885210754569e+00
-1.865768205141499436e+00
-1.865741921900415878e+00
-1.865740787225896646e+00
-1.865671630601970943e+00
-1.865669463226781399e+00
-1.865657478842961847e+00
-1.865632587772815487e+00
-1.865541901584828910e+00
-1.865541792462306336e+00
-1.865526099157782003e+00
-1.865525554059264124e+00
-1.865524059693985715e+00
-1.865523006050206600e+00
-1.865482590639989890e+00
-1.865482846695647901e+00
-1.865357207585783605e+00
-1.865078521249285748e+00
-1.865189809599673509e+00
-1.865189654536803410e+00
-1.865217935216385348e+00
-1.865199727337612856e+00
-1.865217275227007754e+00
-1.863671646544401206e+00
-1.865038357953828108e+00
-1.865468519151489701e+00
-1.866143813413366992e+00
-1.863558631723719827e+00
-1.866345608743948947e+00
-1.866414370442069925e+00
-1.866451411999342502e+00
-1.860291905813550306e+00
-1.866888021037581780e+00
-1.866549524133219728e+00
-1.864114820104421533e+00
-1.866993384065139150e+00
-1.867035452238757109e+00
-1.866973820374678183e+00
-1.867009469973939462e+00
-1.867014075873383305e+00
-1.866962024340546478e+00
-1.869532951184919911e+00
-1.869220623694508365e+00
-1.869838539230241903e+00
-1.869663987161294560e+00
-1.869534735881772214e+00
-1.869675029838611113e+00
-1.869657127817411224e+00
-1.869484956522406538e+00
-1.869509455794916342e+00
-1.869492563741324442e+00
-1.869304616337945868e+00
-1.869228778582354478e+00
-1.869220394060614243e+00
-1.868710510370438005e+00
-1.868360733317957934e+00
-1.868393600788448961e+00
-1.868285543331798193e+00
-1.867933732533292535e+00
-1.867865713115481663e+00
-1.867500197107355486e+00
-1.867494622966621831e+00
-1.867227114504944607e+00
-1.865921790187167417e+00
-1.865889437065392453e+00
-1.865885211262168442e+00
-1.865621716794802154e+00
-1.865120975729583019e+00
-1.865118504194444249e+00
-1.865028721565190839e+00
-1.864997239983715804e+00
-1.865003452501316827e+00
-1.864302789925585735e+00
-1.864298940824788975e+00
-1.864174250795708421e+00
-1.864173857642061893e+00
-1.864130748442323959e+00
-1.864026571620598149e+00
-1.864019171667772312e+00
-1.863883142402180670e+00
-1.863803080249333055e+00
-1.863401853402435915e+00
-1.863371261479263907e+00
-1.861744781973531326e+00
-1.860671733842750086e+00
-1.860490156150347518e+00
-1.860491279034609757e+00
-1.860629616021523880e+00
-1.860470590494754051e+00
-1.860386733191911501e+00
-1.860093196599114762e+00
-1.859939544704329428e+00
-1.861410324175868158e+00
-1.862231047133323436e+00
-1.861053227134167098e+00
-1.860971061941656846e+00
-1.860659926862979097e+00
-1.860145465736834147e+00
-1.860124831470117979e+00
-1.858781676490611101e+00
-1.858329061164104123e+00
-1.857079818741765198e+00
-1.856700968384935813e+00
-1.857230363439300147e+00
-1.857303352113163442e+00
-1.857290526741966374e+00
-1.857078731163304353e+00
-1.857473136675100722e+00
-1.857571757740306584e+00
-1.857592936981535381e+00
-1.857830356756285717e+00
-1.857633395366010021e+00
-1.857844521750840139e+00
-1.858637306998695671e+00
-1.860170361639509773e+00
-1.861139690234881794e+00
-1.865097455387470404e+00
-1.858076119781002289e+00
-1.857926434075999556e+00
-1.858032691590511876e+00
-1.855369087167750619e+00
-1.855378189342040463e+00
-1.855397536957352322e+00
-1.858470913666371294e+00
-1.856560555362662734e+00
-1.856992000743622695e+00
-1.858243158536916351e+00
-1.857548559567081092e+00
-1.858471170301939646e+00
-1.858652345081713175e+00
-1.858883319518627619e+00
-1.858624022285640054e+00
-1.856033195563963289e+00
-1.856435678631295882e+00
-1.857095520857960036e+00
-1.856081433472198228e+00
-1.856216725173477577e+00
-1.855265142193018857e+00
-1.856297830957484463e+00
-1.856346057330429788e+00
-1.856566644249284082e+00
-1.857205401980535964e+00
-1.856731587993747823e+00
-1.856770974351984460e+00
-1.856492382471633285e+00
-1.856490031136598384e+00
-1.858272062927900148e+00
-1.855873168340157697e+00
-1.855881639257542126e+00
-1.856552622860258239e+00
-1.856534966315279700e+00
-1.856653663412430433e+00
-1.856687966793538980e+00
-1.856684563614110051e+00
-1.856686588883128985e+00
-1.856716152940681930e+00
-1.856703549416798271e+00
-1.856884498164717456e+00
-1.856971163984856066e+00
-1.856976603255019231e+00
-1.856982756611764040e+00
-1.857034783667670386e+00
-1.857174511277576823e+00
-1.857175086224457816e+00
-1.857192242461538800e+00
-1.857176700107779688e+00
-1.857191836463863988e+00
-1.857056386447586860e+00
-1.857108177429994011e+00
-1.857126042664984711e+00
-1.857376790874621264e+00
-1.857390294560573363e+00
-1.857395204327297211e+00
-1.857396658397985734e+00
-1.857417181786756188e+00
-1.857457084569529737e+00
-1.857458990477039995e+00
-1.857485696946350240e+00
-1.857610484915310778e+00
-1.857340607396419596e+00
-1.857305374489553795e+00
-1.857254178294841296e+00
-1.857261672679377140e+00
-1.857265335156890407e+00
-1.857353694790270904e+00
-1.857342219944343675e+00
-1.857350729328462569e+00
-1.857365585815616393e+00
-1.857489020140630664e+00
-1.857176117349855993e+00
-1.857171985010597215e+00
-1.856031413086694615e+00
-1.856120041099984741e+00
-1.856308272581300045e+00
-1.855343635279494752e+00
-1.855336756783983354e+00
-1.855380056517683007e+00
-1.855413333853752400e+00
-1.855920116615419779e+00
-1.855550381391868564e+00
