-1.422201208086976365e+00
-1.422347266987594061e+00
-1.422394079262946143e+00
-1.422414058279950932e+00
-1.424243880537912288e+00
-1.425403907198590669e+00
-1.424370000280215764e+00
-1.425285184154539753e+00
-1.425429302918112651e+00
-1.425470114928641729e+00
-1.452951831715756592e+00
-1.463730657099583610e+00
-1.464313308042421324e+00
-1.464315326992337463e+00
-1.464330815277172793e+00
-1.467955189210446765e+00
-1.465623701310062144e+00
-1.465699946045279978e+00
-1.465735044758129657e+00
-1.465991381285243866e+00
-1.466558642286866609e+00
-1.466551168582721720e+00
-1.466559828124090359e+00
-1.466844776205852519e+00
-1.466915289707554582e+00
-1.467809827166522085e+00
-1.468062406078605386e+00
-1.468150210485852369e+00
-1.468379062264348001e+00
-1.471581574184607888e+00
-1.466975000635067028e+00
-1.467240905764907843e+00
-1.468397707606819758e+00
-1.467482919587843160e+00
-1.466826349975737465e+00
-1.467700640048821725e+00
-1.467740537510143772e+00
-1.469812293338444320e+00
-1.469886818568443720e+00
-1.470692182467869813e+00
-1.476765264360081265e+00
-1.476809362581418483e+00
-1.477588233481257785e+00
-1.477648648001801623e+00
-1.477767821307575336e+00
-1.477990639279509466e+00
-1.478135619690538416e+00
-1.478428595049644301e+00
-1.478873693755286656e+00
-1.480202805079930739e+00
-1.485265813652558498e+00
-1.487606367196859569e+00
-1.560396737460745031e+00
-1.669315889828880461e+00
-1.669317434641102826e+00
-1.669384990722440287e+00
-1.670628079380940934e+00
-1.674386146525668195e+00
-1.684898558427767146e+00
-1.684960291676445010e+00
-1.685866130892559323e+00
-1.693351788367239319e+00
-1.694873574753147594e+00
-1.700133195078038728e+00
-1.701217648165956220e+00
-1.714065429425647658e+00
-1.714397168475197741e+00
-1.714573612575440498e+00
-1.714885175809230500e+00
-1.716027215579829512e+00
-1.735935044588526655e+00
-1.749335228362039807e+00
-1.749504631579838154e+00
-1.754593724328529891e+00
-1.754742338578958449e+00
-1.754960891351337038e+00
-1.773228620587239845e+00
-1.773258400357345721e+00
-1.773571898682163805e+00
-1.773572592176361429e+00
-1.774947234263870799e+00
-1.827386357206003176e+00
-1.828153140547538857e+00
-1.830029458820279009e+00
-1.840527195201152377e+00
-1.838837163165391697e+00
-1.838731946259687611e+00
-1.837771807608435504e+00
-1.838296695173071482e+00
-1.838647739513436630e+00
-1.838650616182856634e+00
-1.839666616581371983e+00
-1.839704588990776379e+00
-1.839729431515710445e+00
-1.839782426742725852e+00
-1.841157109318928509e+00
-1.841233580628491850e+00
-1.849787786227333974e+00
-1.850406629953636140e+00
-1.853513556836759557e+00
-1.853756746554703128e+00
-1.853946137559762342e+00
-1.853907989670170453e+00
-1.854305951272748887e+00
-1.853960431945519183e+00
-1.853955423454115126e+00
-1.854423869397192171e+00
-1.854400139553809446e+00
-1.854471279951150464e+00
-1.854658137314631805e+00
-1.854973906517261018e+00
-1.855417537546032225e+00
-1.855635978729355040e+00
-1.855507451358481052e+00
-1.855531248598372596e+00
-1.855751492204994468e+00
-1.855926108638849881e+00
-1.856505260329938345e+00
-1.856511013834548862e+00
-1.856677616342422121e+00
-1.856297934356427648e+00
-1.856370184416809899e+00
-1.856289061776888349e+00
-1.856361316931724570e+00
-1.856360805444510653e+00
-1.856363081138043825e+00
-1.856457060192856501e+00
-1.856508436436617338e+00
-1.856779997926433889e+00
-1.856924237555322765e+00
-1.857349477110633362e+00
-1.857182910139968612e+00
-1.857049871265203711e+00
-1.857997141807593344e+00
-1.858091915548877537e+00
-1.857968954625803137e+00
-1.858328052947342712e+00
-1.860343209086836591e+00
-1.860700769093267315e+00
-1.860727181709532552e+00
-1.860849864433406164e+00
-1.860800231428916041e+00
-1.861106646815640087e+00
-1.861234518117725001e+00
-1.860245450184493610e+00
-1.861204548803646830e+00
-1.861614523898404094e+00
-1.860510908761637827e+00
-1.861418293737771901e+00
-1.850776680489908621e+00
-1.843636576702025520e+00
-1.846244326169821148e+00
-1.846110767569251188e+00
-1.845752565741852314e+00
-1.845657826582015382e+00
-1.845790667586159506e+00
-1.848772551164567179e+00
-1.846263757688465290e+00
-1.846412265151878618e+00
-1.845948632206096951e+00
-1.846014004813054665e+00
-1.847243058396699000e+00
-1.847388646071856488e+00
-1.847390090239916516e+00
-1.847571294822096144e+00
-1.847750107509724016e+00
-1.847745663299903862e+00
-1.847758906413945690e+00
-1.847908485764584441e+00
-1.847951100849906547e+00
-1.848396062336175927e+00
-1.848463643708753157e+00
-1.848598080395070564e+00
-1.848607479599514658e+00
-1.848620595490690910e+00
-1.848654615959628655e+00
-1.848749760276774179e+00
-1.848752244058924799e+00
-1.848760773472120977e+00
-1.848855641824870499e+00
-1.849055863747595563e+00
-1.849058221652968736e+00
-1.849060943203864493e+00
-1.849064384925316329e+00
-1.849326835502063560e+00
-1.849326143920687171e+00
-1.849328548649417092e+00
-1.849301503876100927e+00
-1.849311308663351028e+00
-1.849313464601083368e+00
-1.849419014994893473e+00
-1.849420788068596888e+00
-1.849430710527050881e+00
-1.849470698161404414e+00
-1.849472380097600954e+00
-1.849472998056527207e+00
-1.849700151887422539e+00
-1.849703125407101023e+00
-1.849937071348761064e+00
-1.849948088853566208e+00
-1.849954779761485923e+00
-1.849984380542938567e+00
-1.849985298861188454e+00
-1.849991030897949251e+00
-1.849997649685990009e+00
-1.850072692180959599e+00
-1.850121917629768298e+00
-1.850170078184387057e+00
-1.850204905010546241e+00
-1.850211588691083708e+00
-1.850252000581986911e+00
-1.850252830250857627e+00
-1.850257920236241471e+00
-1.850342673072923549e+00
-1.853170889205107530e+00
-1.853465861156926797e+00
-1.853593403000594719e+00
-1.853612060335277256e+00
-1.853966883718940695e+00
-1.854134812839192126e+00
-1.856213710741470457e+00
-1.849918374722888004e+00
-1.849980161422249525e+00
-1.850437254513579211e+00
-1.850925775827430453e+00
-1.851245437089470647e+00
-1.850982903879191843e+00
-1.849614111199533006e+00
-1.849683863990562172e+00
-1.849710942664609004e+00
-1.849673845257558291e+00
-1.849598310130014189e+00
-1.847723907037566615e+00
-1.847730164197357139e+00
-1.847770513735239817e+00
-1.847797244895156066e+00
-1.847799257457534150e+00
-1.847813493851021782e+00
-1.847889105419187938e+00
-1.847842403161369162e+00
-1.847844265552414322e+00
-1.847915579798652175e+00
-1.847918377773418497e+00
-1.847949791562381927e+00
-1.848020233257625655e+00
-1.848077668326764122e+00
-1.848080504689326942e+00
-1.848080400012332536e+00
-1.848105845497461708e+00
-1.848115428215830303e+00
-1.847699464130774460e+00
-1.847629271359540803e+00
-1.847702947465613255e+00
-1.847801603766921819e+00
-1.847620183112775871e+00
-1.847841745462008856e+00
-1.847841745425404358e+00
-1.847620183037463892e+00
-1.847801603325582631e+00
-1.847702947726182154e+00
-1.847629270355440667e+00
-1.847699464138120362e+00
-1.848115423664824508e+00
-1.848105845516856860e+00
-1.848080399374163463e+00
-1.848080693961153820e+00
-1.848077668325148970e+00
-1.848020233262874568e+00
-1.847914232155770442e+00
-1.847918377772844067e+00
-1.847915579797320795e+00
-1.847843821707285006e+00
-1.847842403161398694e+00
-1.847889105419127542e+00
-1.847813493851333533e+00
-1.847799257457532374e+00
-1.847797244896857816e+00
-1.847770649232191698e+00
-1.847730263405273909e+00
-1.847723907657130127e+00
-1.849598301215093166e+00
-1.849673846899847263e+00
-1.849710942272219771e+00
-1.849673724334601754e+00
-1.849611712422485787e+00
-1.850982892809095670e+00
-1.851245437855891574e+00
-1.850925773609674030e+00
-1.850437005117902878e+00
-1.849979433986381316e+00
-1.849923860415139565e+00
-1.856213683514186918e+00
-1.854132121523285104e+00
-1.853966883717770520e+00
-1.853612060346335522e+00
-1.853593403002671280e+00
-1.853465861156788241e+00
-1.853170889265513210e+00
-1.850342673060349163e+00
-1.850257920234361642e+00
-1.850252823299552096e+00
-1.850252000573977540e+00
-1.850211588690874764e+00
-1.850204905010000678e+00
-1.850170078183910105e+00
-1.850121917629649504e+00
-1.850072692170420474e+00
-1.849997649681278222e+00
-1.849991030901021460e+00
-1.849985298863081162e+00
-1.849984380522678551e+00
-1.849954779781234793e+00
-1.849948088853080597e+00
-1.849937071348609852e+00
-1.849703125390929070e+00
-1.849700151903192147e+00
-1.849472998056810535e+00
-1.849472380093061030e+00
-1.849470698161405746e+00
-1.849430710527050881e+00
-1.849420787539610922e+00
-1.849419015002890188e+00
-1.849313464601036516e+00
-1.849311308664806974e+00
-1.849301546540186081e+00
-1.849328548783784942e+00
-1.849326138357648475e+00
-1.849326835392067103e+00
-1.849064384982193054e+00
-1.849060943202344376e+00
-1.849056809939764179e+00
-1.849055863747879336e+00
-1.848855641790723592e+00
-1.848760773475928154e+00
-1.848752244059689298e+00
-1.848749760271157339e+00
-1.848654615959550274e+00
-1.848620595487960205e+00
-1.848607479589162494e+00
-1.848598080395920995e+00
-1.848463643700918979e+00
-1.848396062354347613e+00
-1.847951100852977202e+00
-1.847908485764004904e+00
-1.847758906413632607e+00
-1.847745663297274632e+00
-1.847750107510228723e+00
-1.847571294821724441e+00
-1.847390090239894089e+00
-1.847388646067623874e+00
-1.847243058532118010e+00
-1.846013980534313426e+00
-1.845948677040675223e+00
-1.846412254803849518e+00
-1.845843498351498635e+00
-1.848772552733846997e+00
-1.848788749822311228e+00
-1.845657639227831437e+00
-1.845526847108639235e+00
-1.846110768864407392e+00
-1.846239113887033767e+00
-1.843638008158926089e+00
-1.850772816565884771e+00
-1.861405544705779125e+00
-1.860496009000258022e+00
-1.861614344561312473e+00
-1.861204676076573250e+00
-1.860245537928069348e+00
-1.861234535760987185e+00
-1.861106255970397694e+00
-1.860800221288358536e+00
-1.860849862471508631e+00
-1.860727179906560558e+00
-1.860360624736749235e+00
-1.860343208958797456e+00
-1.858328052807051600e+00
-1.857968957371957330e+00
-1.858091915082654699e+00
-1.857997141823965137e+00
-1.857049871038681133e+00
-1.857182910140528387e+00
-1.857349475188086796e+00
-1.856924237586031978e+00
-1.856779997926837122e+00
-1.855736463523970814e+00
-1.856457060322737718e+00
-1.856363084317563583e+00
-1.856360477225728278e+00
-1.856351146860858448e+00
-1.856289004710996782e+00
-1.856370202682975368e+00
-1.856297925014450678e+00
-1.856677377652631300e+00
-1.856511012875717404e+00
-1.856505260321003048e+00
-1.855926108658723539e+00
-1.855751492052689189e+00
-1.855531248596942406e+00
-1.855507451360252968e+00
-1.855635978731296820e+00
-1.855417537524484128e+00
-1.854973906517155768e+00
-1.854658137361915760e+00
-1.854471279957174534e+00
-1.854400140193593005e+00
-1.854423866884167049e+00
-1.853955406408090978e+00
-1.853960431890446348e+00
-1.854305951297360977e+00
-1.853907989713480031e+00
-1.853946137555074536e+00
-1.853756746554714896e+00
-1.853513556825226782e+00
-1.850406629950088533e+00
-1.849787786571118087e+00
-1.850036480136250772e+00
-1.851742192320068758e+00
-1.851541005718016164e+00
-1.851856019342350557e+00
-1.851309065926414865e+00
-1.851951096380832329e+00
-1.852128309230936853e+00
-1.852341302909573884e+00
-1.852123122617897799e+00
-1.852191607573114629e+00
-1.852238470259845116e+00
-1.852321895395232731e+00
-1.853589767508612152e+00
-1.858847098390758790e+00
-1.849215747239477459e+00
-1.849996906936731023e+00
-1.850780062438885487e+00
-1.850697777821611156e+00
-1.850721934475824781e+00
-1.850725649837932973e+00
-1.847168903038284959e+00
-1.847597562145251615e+00
-1.848726515287223204e+00
-1.850968778603393261e+00
-1.850861433152063640e+00
-1.851392225245477974e+00
-1.851647663474703887e+00
-1.851611021503363652e+00
-1.851649001377933423e+00
-1.852102274670858417e+00
-1.851665279110751738e+00
-1.852658136742031836e+00
-1.852757423582402474e+00
-1.853283240029702128e+00
-1.855741136772929289e+00
-1.856154919543574700e+00
-1.855845791957500879e+00
-1.855876685569502138e+00
-1.856052821585608914e+00
-1.855418073096969600e+00
-1.855561394837226263e+00
-1.855232249548925960e+00
-1.855234851980504640e+00
-1.855812380777502657e+00
-1.852729078738445168e+00
-1.851988964696738460e+00
-1.852856962910304439e+00
-1.852436067026427713e+00
-1.852502575689660258e+00
-1.852478682461966564e+00
-1.852497117751499944e+00
-1.852478610770885492e+00
-1.852783553162974162e+00
-1.852788614385209032e+00
-1.852852482255759270e+00
-1.852925799931242956e+00
-1.852916548280003628e+00
-1.852991021244949410e+00
-1.853386906081063490e+00
-1.853320099985932501e+00
-1.853321762956908980e+00
-1.853389037628807134e+00
-1.853378895800782633e+00
-1.853390758298807839e+00
-1.853581602922778515e+00
-1.853772641231930418e+00
-1.853754441417441612e+00
-1.854450273707681784e+00
-1.854390076578615210e+00
-1.854388557079537092e+00
-1.854391767640090949e+00
-1.854426816565698299e+00
-1.854493660077705997e+00
-1.854533513176360948e+00
-1.854552907695122599e+00
-1.854851372562870804e+00
-1.855073209007880308e+00
-1.855198512862415772e+00
-1.855207552047723141e+00
-1.855247040521844859e+00
-1.855212426925588964e+00
-1.854908833366790688e+00
-1.854912293049682193e+00
-1.854935643151525149e+00
-1.854967431910674147e+00
-1.854964604887948010e+00
-1.855054877029234328e+00
-1.855011602472947274e+00
-1.855035398000012936e+00
-1.855076428135334687e+00
-1.855254342454069283e+00
-1.855341483928075519e+00
-1.855285574753599676e+00
-1.855312813519572890e+00
-1.855325603784233168e+00
-1.855438651363304770e+00
-1.855522679340411818e+00
-1.854847587442336021e+00
-1.854836778532595432e+00
-1.854792180347746289e+00
-1.854769916709057220e+00
-1.854912552571444051e+00
-1.854868841121890988e+00
-1.854898901123945176e+00
-1.854782118730561535e+00
-1.854726031899806227e+00
-1.854724841039121053e+00
-1.854685030878526764e+00
-1.854489261709010073e+00
-1.854470804439305009e+00
-1.854469899450655435e+00
-1.854446615323494640e+00
-1.854445595803822844e+00
-1.854716658506542437e+00
-1.854729151823121924e+00
-1.854648059836282226e+00
-1.854636161950886875e+00
-1.854417091139055174e+00
-1.854318293653195227e+00
-1.853997268766084838e+00
-1.853943831919587559e+00
-1.853943426106119174e+00
-1.853925211152305019e+00
-1.853888636158871339e+00
-1.853886105370961879e+00
-1.853897328487501550e+00
-1.853950475939343034e+00
-1.853038469513449638e+00
-1.853045095556478783e+00
-1.852932701104851310e+00
-1.852809096018208201e+00
-1.852746506347785260e+00
-1.852812359593140501e+00
-1.852483057218898388e+00
-1.852523309708717036e+00
-1.852347586737520757e+00
-1.852060930622798640e+00
-1.852023834002538338e+00
-1.852020232371793806e+00
-1.852011487294442205e+00
-1.851896198224810330e+00
-1.851908725002139766e+00
-1.851818060889443451e+00
-1.851813856337152675e+00
-1.851805947650679629e+00
-1.851803217820617631e+00
-1.851702271268426347e+00
-1.852001222137167336e+00
-1.851216340641124614e+00
-1.851655199541500485e+00
-1.849578046241985518e+00
-1.849594771307296659e+00
-1.849600648534132752e+00
-1.850039629128692464e+00
-1.850223355066057618e+00
-1.850878142517856428e+00
-1.851181978798983163e+00
-1.851211253598180839e+00
-1.852610338158201087e+00
-1.852878028407680233e+00
-1.852065566552731690e+00
-1.850931159651563629e+00
-1.852054926170276339e+00
-1.851683722705477209e+00
-1.852369633968522944e+00
-1.851713727306987689e+00
-1.851716794537064947e+00
-1.852229908782774270e+00
-1.852442925600898960e+00
-1.850578594540746913e+00
-1.851958307144989213e+00
-1.851223493652419672e+00
-1.850451224709370290e+00
-1.850313831095718342e+00
-1.852146746230074026e+00
-1.852147200505690483e+00
-1.852146512835140868e+00
-1.852262232058737190e+00
-1.852224486286021765e+00
-1.852280863872336258e+00
-1.861282205458798966e+00
-1.857410966695604682e+00
-1.856961630333441970e+00
-1.857087095798447773e+00
-1.856937045617547799e+00
-1.857014978506463798e+00
-1.857310633656222620e+00
-1.857357552103913179e+00
-1.857384730231562031e+00
-1.857359400053344878e+00
-1.857909501541573860e+00
-1.858319233524571956e+00
-1.858411285292882464e+00
-1.857527193829222822e+00
-1.857474742346719498e+00
-1.857935989002125865e+00
-1.860938094151568967e+00
-1.861175081869337999e+00
-1.861941428381761909e+00
-1.861952852485055043e+00
-1.862251479625443018e+00
-1.862471025943864822e+00
-1.862804509243029871e+00
-1.863709510844441919e+00
-1.863733552902822499e+00
-1.863703421559607554e+00
-1.863711234167314768e+00
-1.863886307791105201e+00
-1.864051528229183630e+00
-1.864214797952445934e+00
-1.864133972815186224e+00
-1.864175747072660538e+00
-1.864239133851465446e+00
-1.864503694285473134e+00
-1.865006824204943126e+00
-1.865017097901161769e+00
-1.865305931526066940e+00
-1.865395067713371047e+00
-1.865451125223936302e+00
-1.865448789598445067e+00
-1.865454226029003681e+00
-1.865473270498289482e+00
-1.865477291768303791e+00
-1.865604289841848118e+00
-1.865699745517928498e+00
-1.866127941859089701e+00
-1.866149735906732055e+00
-1.866171225487978536e+00
-1.866234760379174684e+00
-1.866294661172008595e+00
-1.866996356437818694e+00
-1.867101632815216350e+00
-1.867036731435474106e+00
-1.867066456064628843e+00
-1.867640508017268886e+00
-1.867953813683155273e+00
-1.868022623712923824e+00
-1.868254002822638427e+00
-1.868436088480085244e+00
-1.868819589338452047e+00
-1.869013106057395568e+00
-1.868986870357619123e+00
-1.869265485385739556e+00
-1.869781691028344461e+00
-1.869810132833823690e+00
-1.869909094300292507e+00
-1.870151211903438249e+00
-1.870202451808036459e+00
-1.870235896119472940e+00
-1.870694000400111801e+00
-1.870722202460019856e+00
-1.870744968800803321e+00
-1.870865437292203115e+00
-1.870863787186792138e+00
-1.870945755845362601e+00
-1.871075888233255213e+00
-1.870229389504844963e+00
-1.870282253639074188e+00
-1.870676312064087465e+00
-1.870754334386393936e+00
-1.870763486647686769e+00
-1.870785439150851381e+00
-1.870862177539829085e+00
-1.870423759520866813e+00
-1.870696571923861296e+00
-1.870122063767983622e+00
-1.870134179304231647e+00
-1.870076888516457592e+00
-1.869237560339698678e+00
-1.869323546780510270e+00
-1.869394068716048629e+00
-1.869308024269915824e+00
-1.869141924282698985e+00
-1.869132229645909860e+00
-1.868479482251781842e+00
-1.868490133736883552e+00
-1.868484017818400345e+00
-1.868478750104733077e+00
-1.868658084814104559e+00
-1.868687744579129451e+00
-1.868709292491820051e+00
-1.869007671928209158e+00
-1.869011237212807819e+00
-1.869026425253576207e+00
-1.869028101010503207e+00
-1.869054296209290644e+00
-1.869064448577039128e+00
-1.869084137867948803e+00
-1.869084853260247314e+00
-1.869123273627131487e+00
-1.869150476856806353e+00
-1.869150697723706456e+00
-1.869172318905102603e+00
-1.869167098542106720e+00
-1.869159232105990220e+00
-1.869239463543330704e+00
-1.869239536238398003e+00
-1.869307161854177446e+00
-1.869294607948667863e+00
-1.869275291483227353e+00
-1.869274060296878925e+00
-1.869285103464224385e+00
-1.869323758336089103e+00
-1.869467537196732643e+00
-1.869488227267763980e+00
-1.869490964772265063e+00
-1.869525764363292097e+00
-1.869569035044046812e+00
-1.869569045691358955e+00
-1.869627598026359916e+00
-1.869740720721093208e+00
-1.870171587980478556e+00
-1.870219279113551458e+00
-1.870291587690488422e+00
-1.870444067304689373e+00
-1.870698300986647133e+00
-1.870886796968342702e+00
-1.871349596975123708e+00
-1.872993012614175612e+00
-1.873596407680519160e+00
-1.873815511903560438e+00
-1.874425874927278191e+00
-1.874709734899821179e+00
-1.874864381632510124e+00
-1.874928209297394677e+00
-1.874927633624509760e+00
-1.874972137043311449e+00
-1.875025242901072309e+00
-1.875079320387279980e+00
-1.875085038069895571e+00
-1.875145644187844463e+00
-1.875168406718239922e+00
-1.875189394978078017e+00
-1.875191265659518436e+00
-1.875195807008525728e+00
-1.875210314957170166e+00
-1.875210805710086692e+00
-1.875213331739546518e+00
-1.875237992311567403e+00
-1.875246717705890465e+00
-1.875271957462152805e+00
-1.875270416735851153e+00
-1.875276575523815215e+00
-1.875279454916192190e+00
-1.875277651502086362e+00
-1.875289453845789378e+00
-1.875291255417712577e+00
-1.873113307473241118e+00
-1.872273090490023773e+00
-1.872717527511689184e+00
-1.872931189281015429e+00
-1.872967698073413123e+00
-1.873034506078394390e+00
-1.873034506090657247e+00
-1.872967698102103062e+00
-1.872931189281184849e+00
-1.872717527515288749e+00
-1.872273090115221805e+00
-1.873113307420859686e+00
-1.875291301482304718e+00
-1.875289453840670806e+00
-1.875277651504257070e+00
-1.875279432100542376e+00
-1.875276575523923128e+00
-1.875270416736612766e+00
-1.875247603048951550e+00
-1.875246723742867161e+00
-1.875237992317988711e+00
-1.875213344902014301e+00
-1.875210798406128809e+00
-1.875210314957220348e+00
-1.875195807008853244e+00
-1.875191265659582829e+00
-1.875168468483809470e+00
-1.875168395090958118e+00
-1.875145644187450333e+00
-1.875085038068986076e+00
-1.875079320388995052e+00
-1.875025242902071287e+00
-1.874972137059097266e+00
-1.874927633624559720e+00
-1.874928209297737070e+00
-1.874864381589259832e+00
-1.874709734913810877e+00
-1.874425874927299507e+00
-1.873815511908543563e+00
-1.873596407790676155e+00
-1.872993012595886464e+00
-1.871349596819126493e+00
-1.870886363202549196e+00
-1.870698300986480822e+00
-1.870444067274646516e+00
-1.870291587687090917e+00
-1.870219279113505273e+00
-1.870171588137208740e+00
-1.869740720721497107e+00
-1.869627598026894155e+00
-1.869569046681214708e+00
-1.869569035028683768e+00
-1.869525764362729880e+00
-1.869490964775160746e+00
-1.869488227276653980e+00
-1.869467537196751739e+00
-1.869323758336281616e+00
-1.869285103341787213e+00
-1.869274060307151153e+00
-1.869275291237916470e+00
-1.869294609916567484e+00
-1.869307161853428934e+00
-1.869239493728703572e+00
-1.869239459952708238e+00
-1.869159232568397666e+00
-1.869167098168496466e+00
-1.869172318971128011e+00
-1.869150601586893279e+00
-1.869150476854453791e+00
-1.869123273623154891e+00
-1.869084848943760147e+00
-1.869084137869837292e+00
-1.869064448577119730e+00
-1.869054296202593335e+00
-1.869028192896137197e+00
-1.869026425253523804e+00
-1.869011391895265328e+00
-1.869007671895950073e+00
-1.868709292489055152e+00
-1.868687744582014254e+00
-1.868657675456421696e+00
-1.868478457331711695e+00
-1.868484017820060572e+00
-1.868490130535820803e+00
-1.868479482387283230e+00
-1.869132230381326920e+00
-1.868811952087992445e+00
-1.869307967938808712e+00
-1.869394068262067332e+00
-1.869323546409972003e+00
-1.869237560975402390e+00
-1.870076884283570218e+00
-1.870134179145458209e+00
-1.870122060022920030e+00
-1.870696571985324352e+00
-1.870417851335206327e+00
-1.870862177528856529e+00
-1.870699384716048685e+00
-1.870763505421854767e+00
-1.870754334348635028e+00
-1.870676312299181188e+00
-1.870256680634108770e+00
-1.870228552332486860e+00
-1.871075888216961136e+00
-1.870945754013074502e+00
-1.870863787179064097e+00
-1.870748205301135503e+00
-1.870744968812737330e+00
-1.870722202462620665e+00
-1.870694000414325764e+00
-1.870235896122070418e+00
-1.870202451778687491e+00
-1.870151211907010058e+00
-1.869909094300956642e+00
-1.869810132877430586e+00
-1.869781691033589377e+00
-1.869265485396580884e+00
-1.868986870332166594e+00
-1.869013105872877389e+00
-1.868819587813678629e+00
-1.868436088494972225e+00
-1.868254002804830893e+00
-1.868022623712934038e+00
-1.867953813683252307e+00
-1.867640508024636326e+00
-1.867066456089839788e+00
-1.867036731444251529e+00
-1.867101632803961131e+00
-1.866996356436555482e+00
-1.866294661170208258e+00
-1.866234760376392687e+00
-1.866171225497155639e+00
-1.866149735907994822e+00
-1.866127941817640856e+00
-1.865699745517732433e+00
-1.865604289841811037e+00
-1.865477291768254720e+00
-1.865473270499732994e+00
-1.865454226029016116e+00
-1.865448789564980281e+00
-1.865451125139369948e+00
-1.865395067799017426e+00
-1.865305931081853830e+00
-1.865017097901116472e+00
-1.865006824217496639e+00
-1.864503694169155734e+00
-1.864239133851480545e+00
-1.864133898541691314e+00
-1.864133972815682938e+00
-1.864214797952646663e+00
-1.864051528264792701e+00
-1.863886307792244290e+00
-1.863711234642664305e+00
-1.863703421471823329e+00
-1.863733552914038416e+00
-1.863709510768617683e+00
-1.862804508520786273e+00
-1.862471025943228886e+00
-1.862251479631362283e+00
-1.861952852483466092e+00
-1.861941428728636438e+00
-1.861175081869221648e+00
-1.860938094151073141e+00
-1.857935988999960708e+00
-1.857474742258683920e+00
-1.857527193902005047e+00
-1.858460714699342597e+00
-1.858426200937056461e+00
-1.858261351969608066e+00
-1.857525897047107355e+00
-1.857536411977299906e+00
-1.857457344306241431e+00
-1.857444496173556336e+00
-1.857410792417942158e+00
-1.857503194223985687e+00
-1.857602919332181912e+00
-1.857611491630145606e+00
-1.858151818081132500e+00
-1.861985041648148931e+00
-1.862758226914015491e+00
-1.864198473694080871e+00
-1.864414950804201832e+00
-1.863913417240943726e+00
-1.863916174338717147e+00
-1.864174510336028767e+00
-1.859979501901320553e+00
-1.860439052007877070e+00
-1.861660564817143815e+00
-1.863200783024649532e+00
-1.862808040252968755e+00
-1.863764711318236955e+00
-1.862397271284581546e+00
-1.862732755959983333e+00
-1.862441052751130144e+00
-1.862198337316282482e+00
-1.862229585830596168e+00
-1.862073593874883137e+00
-1.859082192606642314e+00
-1.857669320494870657e+00
-1.858229153824541680e+00
-1.857818524274358785e+00
-1.857746993176164541e+00
-1.857526091255543577e+00
-1.856673357766580157e+00
-1.857023887905971948e+00
-1.857472045664118721e+00
-1.857485172183988009e+00
-1.857484982013756003e+00
-1.857481868058882934e+00
-1.858094232581219307e+00
-1.857826717942662853e+00
-1.858137166518953443e+00
-1.858164371444553264e+00
-1.857985020544902000e+00
-1.857992091583015704e+00
-1.857975850356986314e+00
-1.857978039767504086e+00
-1.857994192933343447e+00
-1.858000494496051314e+00
-1.858056044137500473e+00
-1.858062050623273675e+00
-1.858102128629655292e+00
-1.858188470360633726e+00
-1.858248388299746034e+00
-1.858306730946872598e+00
-1.858344197823796229e+00
-1.858392128513699504e+00
-1.858397237988935746e+00
-1.858399507509632897e+00
-1.858508359786168240e+00
-1.858754472489999809e+00
-1.858764838104450590e+00
-1.859503108967742069e+00
-1.859508671002872759e+00
-1.859510493315918778e+00
-1.859514208761713139e+00
-1.859590824622780358e+00
-1.859691098571384593e+00
-1.859639411531230468e+00
-1.859686309722972108e+00
-1.860065935495459843e+00
-1.860001265254675573e+00
-1.860056283542000477e+00
-1.860066348759534138e+00
-1.860103718374122916e+00
-1.860147366528882351e+00
-1.860202094114100646e+00
-1.860204847724304056e+00
-1.860205978495072854e+00
-1.860206756281078233e+00
-1.860275824781335130e+00
-1.860415090062344845e+00
-1.860420703970204315e+00
-1.860423277917474527e+00
-1.860435927479826335e+00
-1.860539726932233018e+00
-1.860545240367200259e+00
-1.860581230636343619e+00
-1.860586932073434063e+00
-1.860593900308036286e+00
-1.860609760149645853e+00
-1.860620540277762469e+00
