-1.422201208086976365e+00
-1.422347280543303283e+00
-1.422392963093908058e+00
-1.422402906947967560e+00
-1.424241573173079756e+00
-1.425409276579384876e+00
-1.425720362789920870e+00
-1.426554378242350207e+00
-1.426674255692224724e+00
-1.426700492712132284e+00
-1.453003440460634454e+00
-1.463379266864032857e+00
-1.463919894379858366e+00
-1.463804244227035367e+00
-1.463840049802325627e+00
-1.467276012174090205e+00
-1.467676233593962820e+00
-1.467857876003862083e+00
-1.467954326935805076e+00
-1.468180063929792389e+00
-1.468672523509503947e+00
-1.468790763082634010e+00
-1.469092859907545456e+00
-1.469127120298186595e+00
-1.469184776456316399e+00
-1.469757794654952932e+00
-1.470005363013576538e+00
-1.470200184771478069e+00
-1.470675749334423577e+00
-1.472956629751888791e+00
-1.472955124931293769e+00
-1.473313570424813701e+00
-1.473962084805249040e+00
-1.474185057637535046e+00
-1.474325168011969112e+00
-1.474960820052033661e+00
-1.475223393142827355e+00
-1.476473535238417512e+00
-1.476527974063043036e+00
-1.477310969915436534e+00
-1.482544465314643123e+00
-1.482558903059934874e+00
-1.471077388727200619e+00
-1.481730103857288761e+00
-1.481920091493779790e+00
-1.482266495155267538e+00
-1.482265902545057079e+00
-1.482547127748755189e+00
-1.483375181869657666e+00
-1.484281769665114714e+00
-1.495570336603979866e+00
-1.497107404807761499e+00
-1.578304809846184931e+00
-1.681472107127658377e+00
-1.681479025296498175e+00
-1.681541581194947899e+00
-1.682546471490452555e+00
-1.685331980377940742e+00
-1.694257326513477269e+00
-1.694578038858675750e+00
-1.695482938647152382e+00
-1.702393531791412729e+00
-1.703940728672821869e+00
-1.708411234353216734e+00
-1.709471646529119315e+00
-1.721697652274656987e+00
-1.721953880140794535e+00
-1.722092198237295868e+00
-1.722434891917898447e+00
-1.723674448698395700e+00
-1.741507699498063610e+00
-1.754034980000382493e+00
-1.754154746016100663e+00
-1.758392064585571513e+00
-1.758608635636926154e+00
-1.758891387913574800e+00
-1.776110056923325686e+00
-1.776139523531807818e+00
-1.776407426815648005e+00
-1.776413493276492117e+00
-1.777777505684922765e+00
-1.829322209540164001e+00
-1.829990158477662998e+00
-1.831696546459683939e+00
-1.840978272536371030e+00
-1.841632708369072446e+00
-1.841553059906336554e+00
-1.839551835619043230e+00
-1.839696811341894112e+00
-1.840491182080796762e+00
-1.841005386462432947e+00
-1.841018190003940624e+00
-1.840998552281245315e+00
-1.841017020155299111e+00
-1.842024521362769729e+00
-1.839922021189387413e+00
-1.838968146770066037e+00
-1.840244209859728919e+00
-1.840220594926594178e+00
-1.842036716285835762e+00
-1.842257470260211027e+00
-1.842646322298445272e+00
-1.842557814093146451e+00
-1.842502653633492304e+00
-1.843115330175437494e+00
-1.842305801235244456e+00
-1.840763452382807142e+00
-1.841129808801628798e+00
-1.841365078081814932e+00
-1.843122185522084067e+00
-1.837989901243946234e+00
-1.838451920763873648e+00
-1.838557208054353298e+00
-1.838959538222311618e+00
-1.838653134519109944e+00
-1.838670607316543082e+00
-1.838676590583838033e+00
-1.840439851883553635e+00
-1.838968908792516510e+00
-1.839467983205348656e+00
-1.836240068258341296e+00
-1.836307486755189178e+00
-1.836136747520298984e+00
-1.836201869549804133e+00
-1.836080070013512699e+00
-1.836145596131141033e+00
-1.836226459573530256e+00
-1.836422849104080157e+00
-1.837185324909055506e+00
-1.837696830587254970e+00
-1.840673938710062574e+00
-1.840713960601203514e+00
-1.841226208851624691e+00
-1.843303463913969376e+00
-1.843481477086705400e+00
-1.843315099522874423e+00
-1.842133206375773824e+00
-1.839890810928917375e+00
-1.839509017197469731e+00
-1.839514791693698470e+00
-1.839843556519862089e+00
-1.841852204486258859e+00
-1.841959261106013379e+00
-1.841960309815754204e+00
-1.842028889070722375e+00
-1.841689263126055298e+00
-1.843189810388548011e+00
-1.839386440459295224e+00
-1.838750744155428052e+00
-1.838931255029542688e+00
-1.838781391550643685e+00
-1.839365964007690479e+00
-1.839948948921578786e+00
-1.838260999684156349e+00
-1.838236673054417736e+00
-1.838212731235951969e+00
-1.839140569132013958e+00
-1.839601834348946863e+00
-1.839062412276907477e+00
-1.838991660319871713e+00
-1.839142615513005063e+00
-1.839187058406767772e+00
-1.839163206583664278e+00
-1.838962818631493024e+00
-1.839228513089318007e+00
-1.834787095403919155e+00
-1.838882184550521881e+00
-1.839045176132537485e+00
-1.839137356946156876e+00
-1.839118950408002107e+00
-1.839023400042474110e+00
-1.839008924196209538e+00
-1.839232824742271344e+00
-1.839318275010966452e+00
-1.839304460286290022e+00
-1.839375494982673942e+00
-1.839480802505681023e+00
-1.839493061358989934e+00
-1.839580532410867830e+00
-1.839398201010535638e+00
-1.839351123637754437e+00
-1.839364183859853785e+00
-1.839367969871531283e+00
-1.839377016094765782e+00
-1.839590852717110092e+00
-1.839596997563961889e+00
-1.839605904314258078e+00
-1.839686058877961328e+00
-1.839744401605599711e+00
-1.839781901462694824e+00
-1.839856430615747662e+00
-1.839856463392558927e+00
-1.839894307489146730e+00
-1.839914914173724991e+00
-1.839944074830337062e+00
-1.839944384647621778e+00
-1.840003236874346859e+00
-1.840006836646711719e+00
-1.840067399908901669e+00
-1.840070224040567970e+00
-1.840087460675861042e+00
-1.840228547902909240e+00
-1.840284341984973704e+00
-1.840375636092965062e+00
-1.840459288865330612e+00
-1.840526386246693180e+00
-1.840562793160246624e+00
-1.840581173770594825e+00
-1.840626869766796236e+00
-1.840640854770219548e+00
-1.840663499938918202e+00
-1.840663691278300096e+00
-1.840748666804086664e+00
-1.841282840525377607e+00
-1.843853915956054079e+00
-1.844024367325621805e+00
-1.844364278343945340e+00
-1.844951787856800252e+00
-1.845551469439199677e+00
-1.845638495894112108e+00
-1.847293737026391769e+00
-1.850882193891747018e+00
-1.851581685452686754e+00
-1.852052544927825561e+00
-1.852994912111572745e+00
-1.853407402089159994e+00
-1.853748866428061470e+00
-1.854283754604096002e+00
-1.854342200140003172e+00
-1.854489759110052649e+00
-1.854643092474544508e+00
-1.854684648297868499e+00
-1.854956545690140013e+00
-1.854960557271601918e+00
-1.855039316156450457e+00
-1.855043043389537960e+00
-1.855043819376376746e+00
-1.855074743429195427e+00
-1.855070273916539003e+00
-1.855076735290071888e+00
-1.855079611354669256e+00
-1.855099382132496144e+00
-1.855169503816451293e+00
-1.855395025155510469e+00
-1.855413450396787844e+00
-1.855304386021599639e+00
-1.855306140737903675e+00
-1.855306733195688507e+00
-1.855311346248740723e+00
-1.855415460429966190e+00
-1.853471562539300566e+00
-1.853379407608528373e+00
-1.853578379431650713e+00
-1.853581598492611393e+00
-1.853641096189963866e+00
-1.853631740363109293e+00
-1.853631685585575894e+00
-1.853641093011852981e+00
-1.853581598305767075e+00
-1.853578371567723426e+00
-1.853379408359790759e+00
-1.853471560807468554e+00
-1.855415456508107130e+00
-1.855311346258610383e+00
-1.855306703536816482e+00
-1.855306141895353811e+00
-1.855304373189292644e+00
-1.855413435949230028e+00
-1.855180135219931525e+00
-1.855169503816240573e+00
-1.855099382132134211e+00
-1.855077980169335339e+00
-1.855076735290297929e+00
-1.855066644952444221e+00
-1.855074743435577211e+00
-1.855043744068869849e+00
-1.854968945990854268e+00
-1.855039316155330242e+00
-1.854960557272354205e+00
-1.854956545695915393e+00
-1.854684648287066473e+00
-1.854643092469163035e+00
-1.854489759109509528e+00
-1.854342200140058905e+00
-1.854283754512499938e+00
-1.853748866444133281e+00
-1.853407402092421608e+00
-1.852994912112619907e+00
-1.852052544928507460e+00
-1.851581685452289072e+00
-1.850882193887917193e+00
-1.847293737022436266e+00
-1.845638348995518374e+00
-1.845551469433310388e+00
-1.844951787852025848e+00
-1.844364278341878549e+00
-1.844024367317362856e+00
-1.843853915957281542e+00
-1.841282840535364507e+00
-1.840748666804090661e+00
-1.840663461062955530e+00
-1.840663499829142236e+00
-1.840640854770157375e+00
-1.840626869766828877e+00
-1.840581173784975322e+00
-1.840562793159906452e+00
-1.840526386244717427e+00
-1.840459288874109145e+00
-1.840375636082675959e+00
-1.840284341986485384e+00
-1.840228547402573689e+00
-1.840087460696000488e+00
-1.840070224040616376e+00
-1.840067399904799617e+00
-1.840006836622891662e+00
-1.840003236858212876e+00
-1.839944384647582698e+00
-1.839944074813743446e+00
-1.839914914174460847e+00
-1.839894307489196246e+00
-1.839856464800395885e+00
-1.839856430618941330e+00
-1.839781901462693048e+00
-1.839744401605559077e+00
-1.839686058881045749e+00
-1.839605904314414175e+00
-1.839596997566617542e+00
-1.839590852717303715e+00
-1.839377016094739581e+00
-1.839367969870433939e+00
-1.839364269696927456e+00
-1.839350951550874136e+00
-1.839398200626334745e+00
-1.839580532552538727e+00
-1.839493061356961778e+00
-1.839480802480943700e+00
-1.839375494982830705e+00
-1.839304541502356338e+00
-1.839318275092839183e+00
-1.839232824622646589e+00
-1.839008924218366037e+00
-1.839023398406860244e+00
-1.839118950180439693e+00
-1.839137357543515261e+00
-1.839045176133325299e+00
-1.838801959128758101e+00
-1.839106762435761766e+00
-1.839228424328894995e+00
-1.838962379515094669e+00
-1.839162764706059994e+00
-1.839186816451937823e+00
-1.839142614856883906e+00
-1.838991495131584664e+00
-1.839062412428352999e+00
-1.839601822442914703e+00
-1.839140568852297042e+00
-1.838212735933313358e+00
-1.838236567128742394e+00
-1.838260944157377841e+00
-1.839948946467320656e+00
-1.839365968057023348e+00
-1.838781395284942333e+00
-1.838931255047956626e+00
-1.838740561150069786e+00
-1.839396400146674715e+00
-1.843188766384278976e+00
-1.841689263042856961e+00
-1.842028762434154032e+00
-1.841960308325058415e+00
-1.841959254367203869e+00
-1.841852206155220051e+00
-1.839843556537633429e+00
-1.839514793813317617e+00
-1.839509990007576867e+00
-1.839890816093072701e+00
-1.842132796220376623e+00
-1.843315098175330791e+00
-1.843481400915729651e+00
-1.843303461272615351e+00
-1.841226209624703625e+00
-1.840713960845456798e+00
-1.840673938679351807e+00
-1.837696830543412485e+00
-1.837185324938859665e+00
-1.837383742807225717e+00
-1.837328943017312088e+00
-1.837325994309639166e+00
-1.837353550406141345e+00
-1.837993751167713796e+00
-1.837821414029606304e+00
-1.838105957419610137e+00
-1.837932801267840865e+00
-1.839467858281424339e+00
-1.838969257892846043e+00
-1.839084453940106112e+00
-1.838676314005127210e+00
-1.838670646369931827e+00
-1.838653102075744172e+00
-1.838721447027849010e+00
-1.838557690231010566e+00
-1.838441946101638802e+00
-1.837987638386742839e+00
-1.843121934103256088e+00
-1.841365046765057967e+00
-1.841129805728844104e+00
-1.840761987576477576e+00
-1.842304879329735190e+00
-1.842655190322177505e+00
-1.842502086056962973e+00
-1.842557796923860014e+00
-1.842646329089827173e+00
-1.842257465046677867e+00
-1.842036716139144215e+00
-1.840220572712452762e+00
-1.840246605978207439e+00
-1.838967925605332621e+00
-1.843725350539097807e+00
-1.842024509180157921e+00
-1.841017056289657727e+00
-1.840998492534281494e+00
-1.841013713476719493e+00
-1.841005889790091832e+00
-1.840494451533225106e+00
-1.839696731901679705e+00
-1.839552044061283365e+00
-1.841550872184975818e+00
-1.841632457924913480e+00
-1.840978277685775488e+00
-1.853257043777295943e+00
-1.844671352597146319e+00
-1.844566948356539449e+00
-1.838276889392320701e+00
-1.838217379481640990e+00
-1.838220518028178763e+00
-1.838451154633085949e+00
-1.845859284853862192e+00
-1.846110661079547910e+00
-1.847104225434286207e+00
-1.848085658442453871e+00
-1.848827809779376441e+00
-1.849641114102709594e+00
-1.849313864779859262e+00
-1.849220924803280486e+00
-1.849231295804629305e+00
-1.849203449022491119e+00
-1.846537108275690064e+00
-1.847059776759509386e+00
-1.847445979427876361e+00
-1.846449646175209569e+00
-1.845399351751220607e+00
-1.842407081070771557e+00
-1.842609364708283293e+00
-1.843478345453623657e+00
-1.844616925288918186e+00
-1.842750034132307979e+00
-1.843314714359843842e+00
-1.842588402130120429e+00
-1.842622669251602785e+00
-1.844041280772402036e+00
-1.840670547841685822e+00
-1.840327650821317551e+00
-1.841243434790895250e+00
-1.841109944638409157e+00
-1.841772228855552473e+00
-1.841197436715454883e+00
-1.841371946161634687e+00
-1.841499373926068550e+00
-1.841908614683386958e+00
-1.841800507262132403e+00
-1.842092962290780900e+00
-1.842136717957358005e+00
-1.842278140194347547e+00
-1.842197866376336535e+00
-1.842646329310424047e+00
-1.842322067333051594e+00
-1.842263621405096696e+00
-1.842384069577432726e+00
-1.842388011529551006e+00
-1.842287858219131991e+00
-1.842402332547586896e+00
-1.842937060074139488e+00
-1.842585502182541246e+00
-1.842923116342199519e+00
-1.842828398906654730e+00
-1.842839217699100862e+00
-1.842838007918236709e+00
-1.842907133768894479e+00
-1.842997427931449383e+00
-1.843063562055085702e+00
-1.843121537699655921e+00
-1.843360279356085041e+00
-1.843559981500897615e+00
-1.843532439296318604e+00
-1.843580569790273849e+00
-1.843669562553736929e+00
-1.843725805428282571e+00
-1.843922030687354274e+00
-1.843868737352680309e+00
-1.843883740634671309e+00
-1.843941626832246605e+00
-1.843970024649716821e+00
-1.844135265810018520e+00
-1.844076088912854017e+00
-1.844100399262260437e+00
-1.844149527893543805e+00
-1.844324782857766021e+00
-1.844388025693623590e+00
-1.844316447882298204e+00
-1.844335206804184057e+00
-1.844376166934145855e+00
-1.844456299986278580e+00
-1.844557060625843903e+00
-1.844119550558420695e+00
-1.844065551840664119e+00
-1.843988780242800551e+00
-1.843980506736778491e+00
-1.843925678143006675e+00
-1.843944125128868183e+00
-1.843944124788629457e+00
-1.843842975873077883e+00
-1.843820752380994632e+00
-1.843782577888306573e+00
-1.843794516700873576e+00
-1.843432745645338100e+00
-1.843397252195970726e+00
-1.843370830911230218e+00
-1.843367898312215702e+00
-1.843366236444399231e+00
-1.843206087688424644e+00
-1.843199598955707952e+00
-1.843042305577661244e+00
-1.842954924971625719e+00
-1.842843899363296067e+00
-1.842762268736986453e+00
-1.842505070224112362e+00
-1.842505537720235065e+00
-1.842506357705164355e+00
-1.842403642150562071e+00
-1.842364879723280335e+00
-1.842353234862252664e+00
-1.842352496399205952e+00
-1.842552381001407280e+00
-1.842383788470570272e+00
-1.842384316703837399e+00
-1.842238753715037758e+00
-1.842119975657579456e+00
-1.842100937508149183e+00
-1.842146866916876347e+00
-1.842055483813559880e+00
-1.842057946480606834e+00
-1.841937500777828918e+00
-1.841883065651978679e+00
-1.841819428289805938e+00
-1.841821378749050719e+00
-1.841737831043761542e+00
-1.841497222131398992e+00
-1.841493984915439697e+00
-1.841071643789545575e+00
-1.840924444178521746e+00
-1.840891869340925302e+00
-1.840858372607597104e+00
-1.840735725442053994e+00
-1.840406445583979256e+00
-1.839648872332007912e+00
-1.839658535651217175e+00
-1.838726556650096544e+00
-1.838910429010053749e+00
-1.838936483176734527e+00
-1.839864011769812624e+00
-1.839571272018155845e+00
-1.842061566450957422e+00
-1.841621855381323059e+00
-1.840797069283921950e+00
-1.841609646713050719e+00
-1.845623835999972595e+00
-1.847223956062112871e+00
-1.847951116286706608e+00
-1.848408778322903068e+00
-1.847936590108239407e+00
-1.849278818306244521e+00
-1.849580966018668615e+00
-1.850113368494753718e+00
-1.850324025048764920e+00
-1.850738689910483181e+00
-1.850108843140818360e+00
-1.850155315865630534e+00
-1.848569115033485755e+00
-1.848453527814458486e+00
-1.848465774361096159e+00
-1.842406641623863361e+00
-1.842342831400118452e+00
-1.842327888431215532e+00
-1.842389110194394775e+00
-1.846415171984289838e+00
-1.847002393471047332e+00
-1.859066786358859025e+00
-1.846170426989448998e+00
-1.846517500680608936e+00
-1.846526184837285589e+00
-1.846748094083805691e+00
-1.847177225933540612e+00
-1.847954407906930552e+00
-1.847971971420872439e+00
-1.848042327052826339e+00
-1.848003558664560675e+00
-1.848071215060239636e+00
-1.848207020474028184e+00
-1.852150744483933131e+00
-1.849073848139181742e+00
-1.852852535364314157e+00
-1.853333970918637164e+00
-1.855495274050060095e+00
-1.855902561154442409e+00
-1.856403937310264762e+00
-1.856392849136828893e+00
-1.856659332613503244e+00
-1.856525731546074143e+00
-1.856752440382444469e+00
-1.857853728170485663e+00
-1.857856287178966559e+00
-1.857943671148156284e+00
-1.857965644659190563e+00
-1.858062102240864100e+00
-1.858278010212769837e+00
-1.858438010047655853e+00
-1.858339512617665168e+00
-1.858338780720720340e+00
-1.858491549240193663e+00
-1.858570278741821458e+00
-1.859043040288357984e+00
-1.859061685348793125e+00
-1.859420479326908016e+00
-1.860355764194450590e+00
-1.860263156207958346e+00
-1.860260825582299660e+00
-1.860535018120322848e+00
-1.860570541119986432e+00
-1.860535881975540873e+00
-1.860581993887221230e+00
-1.860619026727541092e+00
-1.860379484594404165e+00
-1.860389862212948220e+00
-1.860410200358160182e+00
-1.860470983364118425e+00
-1.860492233017481123e+00
-1.861191908109999904e+00
-1.861317528209200489e+00
-1.861264629302203710e+00
-1.861300055779815832e+00
-1.862185142249176861e+00
-1.862518951605820261e+00
-1.862592823354471516e+00
-1.862809102554535023e+00
-1.863001389777567463e+00
-1.863521939541662675e+00
-1.863752967582073206e+00
-1.863721804816294902e+00
-1.864140449109437103e+00
-1.864746074451855806e+00
-1.864804340517169923e+00
-1.864901477086047477e+00
-1.865204165855650187e+00
-1.865255021435732630e+00
-1.865296317474574472e+00
-1.865708835235764251e+00
-1.865758067030236500e+00
-1.865801457512350048e+00
-1.865809556690354754e+00
-1.865936615017533384e+00
-1.865971917434395611e+00
-1.866146938094421781e+00
-1.865965345562401012e+00
-1.865984896818510208e+00
-1.866381819377839424e+00
-1.866367110032449705e+00
-1.866230708201053634e+00
-1.866262166452146376e+00
-1.866441423348179862e+00
-1.866433178772002988e+00
-1.866434385643303440e+00
-1.866126364014946581e+00
-1.865498785532488490e+00
-1.865583999826453176e+00
-1.864791618745538671e+00
-1.864784355691203377e+00
-1.864857938542714200e+00
-1.864843895882476232e+00
-1.864893945686972865e+00
-1.865060789188819790e+00
-1.865061764942714806e+00
-1.865063439819157676e+00
-1.865079974389926676e+00
-1.865169029560052039e+00
-1.865168155698768926e+00
-1.865177873421449917e+00
-1.865180792006724486e+00
-1.865377596063704235e+00
-1.865290064993471830e+00
-1.865294320968775121e+00
-1.865123690630570374e+00
-1.865125717806952910e+00
-1.865127281539189497e+00
-1.865201423804842218e+00
-1.865201567888755685e+00
-1.865225404443207946e+00
-1.865216236862081267e+00
-1.865213252784410303e+00
-1.865216832269656955e+00
-1.864957716150747125e+00
-1.863627123122305829e+00
-1.861808098936632572e+00
-1.861808478211121276e+00
-1.862151427467213738e+00
-1.862458932257218702e+00
-1.859460291916652741e+00
-1.859829165282663954e+00
-1.856803444634511635e+00
-1.858471769135589202e+00
-1.858388977750710325e+00
-1.858541122849932448e+00
-1.859027377571722983e+00
-1.858034183211472179e+00
-1.858021386493785343e+00
-1.857986895164925434e+00
-1.858005290771894691e+00
-1.858130428658775868e+00
-1.859257127534317933e+00
-1.859428494022918432e+00
-1.859304772055830890e+00
-1.859510998515677915e+00
-1.859680874394298300e+00
-1.859696069246790762e+00
-1.861154984499359344e+00
-1.863437817742280567e+00
-1.864240980722182917e+00
-1.864532525118975936e+00
-1.865189921461454237e+00
-1.865831117050455124e+00
-1.864153908715393104e+00
-1.864035506434762013e+00
-1.864096723751472062e+00
-1.864209829519641870e+00
-1.864303204211532172e+00
-1.864246368164559797e+00
-1.863198767067491435e+00
-1.863136059428067925e+00
-1.863085187630283190e+00
-1.863196043357809417e+00
-1.863198295669246551e+00
-1.863219795836818626e+00
-1.863263974097412401e+00
-1.863253730741122993e+00
-1.863254362260694075e+00
-1.863267223935035632e+00
-1.863298273379423442e+00
-1.863315225274313480e+00
-1.863457202687332392e+00
-1.863492126122676007e+00
-1.863497545704423164e+00
-1.863491803173118022e+00
-1.863616434002273836e+00
-1.863720333325931566e+00
-1.863719435875895725e+00
-1.864221048322995511e+00
-1.864349671397692587e+00
-1.864301990075577287e+00
-1.864326666567847290e+00
-1.864128697307511517e+00
-1.864128697519846778e+00
-1.864326666777150532e+00
-1.864301990092107397e+00
-1.864349671399848196e+00
-1.864221048397374680e+00
-1.863719435857184248e+00
-1.863720333323315437e+00
-1.863611907382272115e+00
-1.863491804729721313e+00
-1.863494348347895846e+00
-1.863492126112740177e+00
-1.863457202687386349e+00
-1.863284055112225168e+00
-1.863298273392475002e+00
-1.863267223935138217e+00
-1.863252733120509319e+00
-1.863248174023475423e+00
-1.863216943074954557e+00
-1.863219795841852378e+00
-1.863198287706026246e+00
-1.863196043713728489e+00
-1.863084348332004314e+00
-1.863135757596371178e+00
-1.863198759903956558e+00
-1.864245847341788442e+00
-1.864303195461537443e+00
-1.864209847885790250e+00
-1.864034335320706059e+00
-1.864035798801094268e+00
-1.864153891589807044e+00
-1.865831057218940714e+00
-1.865189921461378741e+00
-1.864533561436258591e+00
-1.864240980785700774e+00
-1.863437817738448299e+00
-1.861154984500522858e+00
-1.859696049060852729e+00
-1.859680874392536376e+00
-1.859510998515413238e+00
-1.859226079016584876e+00
-1.859267343070041489e+00
-1.859257127946078336e+00
-1.858130405565663334e+00
-1.858005290964440226e+00
-1.857986886350619704e+00
-1.858019382882861725e+00
-1.858034160479748564e+00
-1.859027372713928594e+00
-1.858541128880048410e+00
-1.858388330319541204e+00
-1.858471753603738064e+00
-1.856804116132695137e+00
-1.859829149668846604e+00
-1.859460274654229917e+00
-1.862457403821133894e+00
-1.862151465073144330e+00
-1.861808425717889737e+00
-1.861807868612765038e+00
-1.863626928984158049e+00
-1.864957394741470598e+00
-1.865213746716040344e+00
-1.865213250925087163e+00
-1.865216265656443717e+00
-1.865225404491870353e+00
-1.865201567823667084e+00
-1.865201424190072288e+00
-1.865127281496215206e+00
-1.865125723441640737e+00
-1.865123671378720260e+00
-1.865294313693783401e+00
-1.865290072172615332e+00
-1.865377595862651949e+00
-1.865180791951106531e+00
-1.865125144248789280e+00
-1.865168099239340682e+00
-1.865169029565485914e+00
-1.865079974392215068e+00
-1.865063439831083247e+00
-1.865061764943035438e+00
-1.865060789185401857e+00
-1.864893945684553245e+00
-1.864843824205653089e+00
-1.864857942781895872e+00
-1.864784352979493853e+00
-1.864791619949216495e+00
-1.865583973829702646e+00
-1.865498762934344024e+00
-1.866126359049161243e+00
-1.866434410853022641e+00
-1.866433178778559521e+00
-1.866402316082765633e+00
-1.866262166547963286e+00
-1.866230950403947375e+00
-1.866367110205008117e+00
-1.866381819377741724e+00
-1.865984167425080109e+00
-1.865964644992401000e+00
-1.866146938116432175e+00
-1.865971912025465418e+00
-1.865936615238328100e+00
-1.865809556676635284e+00
-1.865801457528693419e+00
-1.865758067045149460e+00
-1.865708835239726415e+00
-1.865296317473170706e+00
-1.865255021459611307e+00
-1.865204165855559593e+00
-1.864901477090395998e+00
-1.864804340514104819e+00
-1.864746074452287905e+00
-1.864140449077012596e+00
-1.863721804819045147e+00
-1.863752967570170060e+00
-1.863521939538784089e+00
-1.863001389785764683e+00
-1.862809102519001669e+00
-1.862592823354449756e+00
-1.862518951601734862e+00
-1.862185142222911205e+00
-1.861300055593861469e+00
-1.861264629397207049e+00
-1.861317528204601723e+00
-1.861191908111361037e+00
-1.860492233016883601e+00
-1.860470983365147379e+00
-1.860410200657284685e+00
-1.860389862213682743e+00
-1.860379484552426854e+00
-1.859929410114596227e+00
-1.859724521500988104e+00
-1.859591521260281599e+00
-1.859614178097620973e+00
-1.859633871295727658e+00
-1.859542516912428889e+00
-1.859550211345192050e+00
-1.859517333236557768e+00
-1.859420479454114483e+00
-1.859061685336143466e+00
-1.859043040319845685e+00
-1.858570278745482085e+00
-1.858491549240199880e+00
-1.858338572206957418e+00
-1.858339512625224454e+00
-1.858438010051463474e+00
-1.858278010111027889e+00
-1.858062102405916516e+00
-1.857965645740464300e+00
-1.857943671001248909e+00
-1.857856287161968156e+00
-1.857853727822264212e+00
-1.856752444553901871e+00
-1.856525731545743962e+00
-1.856659336234818714e+00
-1.856392849139849588e+00
-1.856403937293544359e+00
-1.855902561136846263e+00
-1.855495274049589360e+00
-1.853333970915640894e+00
-1.852852535137861967e+00
-1.849073848153405919e+00
-1.848820372845974447e+00
-1.848207020474229356e+00
-1.849172387774291826e+00
-1.848601627361296185e+00
-1.848042327046803601e+00
-1.848927620660704374e+00
-1.849419696048840489e+00
-1.849277510442185690e+00
-1.849241415167155012e+00
-1.849306486483853318e+00
-1.849238525821570445e+00
-1.849883696433503921e+00
-1.860316757472435523e+00
-1.851708035087502591e+00
-1.852955063243199918e+00
-1.850987303047926247e+00
-1.850802373721823102e+00
-1.850804009682074813e+00
-1.850823952126165794e+00
-1.854875903866152420e+00
-1.855418748710554899e+00
-1.856440142249973668e+00
-1.858271175172266476e+00
-1.859489266615971914e+00
-1.859139954767762726e+00
-1.859227159471177115e+00
-1.855749507645337859e+00
-1.855588850564706016e+00
-1.854507658900487854e+00
-1.854999944095364839e+00
-1.853664380170650272e+00
-1.852124301148633023e+00
-1.851538559315695887e+00
-1.853151024732912600e+00
-1.854596544759437249e+00
-1.854611302959036978e+00
-1.854749095833232220e+00
-1.855235421116091299e+00
-1.855392480720699844e+00
-1.855612391406759931e+00
-1.855553932788799099e+00
-1.855560668379612199e+00
-1.855554220258525788e+00
-1.856646536197444020e+00
-1.856533397298098187e+00
-1.856563871800461563e+00
-1.856574278451777360e+00
-1.856233006304971678e+00
-1.856227561077124166e+00
-1.856249121986719208e+00
-1.856257998802096409e+00
-1.856379975730471754e+00
-1.856397223972934274e+00
-1.856563588860409064e+00
-1.856565309552683285e+00
-1.856613071691654682e+00
-1.856621841951153096e+00
-1.856658281544644185e+00
-1.856783880456790659e+00
-1.856798597147009344e+00
-1.856808549968771427e+00
-1.856812557449902812e+00
-1.856828314298579086e+00
-1.856841898606916841e+00
-1.856966250076982128e+00
-1.856973081881553078e+00
-1.857273713620446687e+00
-1.857277592430476298e+00
-1.857283441978084593e+00
-1.857285768248077895e+00
-1.857313621520382707e+00
-1.857418811209376130e+00
-1.857420061287456292e+00
-1.857504109543401505e+00
-1.857685575793895705e+00
-1.857716657483938105e+00
-1.857731592170250190e+00
-1.857736720590326573e+00
-1.857755220492929737e+00
-1.857775524162405656e+00
-1.857672387829696348e+00
-1.857555101092543293e+00
-1.857555337113406591e+00
-1.857556067770874009e+00
-1.857567363190653520e+00
-1.857581424279902915e+00
-1.857621486880859152e+00
-1.857586849476626334e+00
-1.857587861496853954e+00
-1.857891607922117050e+00
-1.857771205205043019e+00
-1.857769281670303307e+00
-1.857796425485856773e+00
-1.857804658466660985e+00
-1.857828593918036120e+00
-1.857904268552922122e+00
-1.857904268584857466e+00
-1.857828593919011784e+00
-1.857804658477127058e+00
-1.857796425485615632e+00
-1.857769222187390490e+00
-1.857771204867341819e+00
-1.857891606972587484e+00
-1.857587855216429107e+00
-1.857586814075223192e+00
-1.857621484099966302e+00
-1.857581424378255575e+00
-1.857567362803873134e+00
-1.857556067338669070e+00
-1.857555334374243916e+00
-1.857555103622006598e+00
-1.857672387328470842e+00
-1.857775521370200966e+00
-1.857755220697165477e+00
-1.857736720456705015e+00
-1.857731592124922670e+00
-1.857716657477491706e+00
-1.857685575812087819e+00
-1.857504109543269388e+00
-1.857420059286100544e+00
-1.857418811207744103e+00
-1.857313621521267333e+00
-1.857285768246805135e+00
-1.857283441978256899e+00
-1.857277592431082702e+00
-1.857273713616071742e+00
-1.856973088892794443e+00
-1.856966250075640090e+00
-1.856841898606403918e+00
-1.856828314297570559e+00
-1.856812557450096879e+00
-1.856808549968767652e+00
-1.856780310538196144e+00
-1.856783880502125728e+00
-1.856658281553511092e+00
-1.856621841950554685e+00
-1.856613071694301009e+00
-1.856565309551003740e+00
-1.856563588860349334e+00
-1.856386267412244218e+00
-1.856379975731526688e+00
-1.856257998802051778e+00
-1.856249129047870206e+00
-1.856227521553510895e+00
-1.856232910406190983e+00
-1.856574163644612696e+00
-1.856563871839565172e+00
-1.856533406640001660e+00
-1.856646535814956867e+00
-1.855554248459398314e+00
-1.855561097542209215e+00
-1.855553294256584884e+00
-1.855651735595829965e+00
-1.855428119029633560e+00
-1.855457852096876525e+00
-1.855005367537224892e+00
-1.854829678314440233e+00
-1.854960348952516380e+00
-1.854155578177318908e+00
-1.852689948985092983e+00
-1.853081388871862689e+00
-1.853952919742659855e+00
-1.856022146501181025e+00
-1.857022789761731296e+00
-1.856555076716167818e+00
-1.856737467660601659e+00
-1.860392038051725372e+00
-1.860566808758804758e+00
-1.860142869073744265e+00
-1.859277372696394259e+00
-1.858164368832440516e+00
-1.857466201343966006e+00
-1.857104847041628926e+00
-1.852900950350727882e+00
-1.852913492813176299e+00
-1.852912254782697721e+00
-1.853118690254494494e+00
-1.855443164914187371e+00
-1.854806349335213822e+00
-1.861577406772432663e+00
-1.850851142125813809e+00
-1.849969379969730099e+00
-1.850101409635423133e+00
-1.849417882374672750e+00
-1.849540444093332070e+00
-1.849774017377423085e+00
-1.849262645622803181e+00
-1.848310862115320585e+00
-1.848999575753365709e+00
-1.849944877321122449e+00
-1.848873969452080601e+00
-1.849694223664139159e+00
-1.849829919193559657e+00
-1.854701839722554979e+00
-1.855300412933245324e+00
-1.857225811502739354e+00
-1.857763758514426877e+00
-1.857963758640797547e+00
-1.857944137545481489e+00
-1.858201719318073764e+00
-1.858333298176581660e+00
-1.858563654013258182e+00
-1.859247920020285161e+00
-1.859266457953224316e+00
-1.859365642246749939e+00
-1.859387198522396201e+00
-1.859627230724720581e+00
-1.859863229331922829e+00
-1.860097086371581554e+00
-1.859990399156997487e+00
-1.859985153436796601e+00
-1.860092083201793978e+00
-1.860170963346862383e+00
-1.860572672497880831e+00
-1.860582423195852320e+00
-1.860748332888375600e+00
-1.860942423350170793e+00
-1.860983531263352031e+00
-1.860994445629964744e+00
-1.861014124448200358e+00
-1.861026339014565600e+00
-1.861029873702172210e+00
-1.861126679169077924e+00
-1.861226751939184521e+00
-1.861589707514299752e+00
-1.861598586520574417e+00
-1.861613668061944615e+00
-1.861670258457901905e+00
-1.861707207560810762e+00
-1.862517220425184750e+00
-1.862600588520362699e+00
-1.862530589889237698e+00
-1.862558486752178055e+00
-1.863504356192345890e+00
-1.863850256674022488e+00
-1.863937351713978119e+00
-1.864117570763455189e+00
-1.864270278171341833e+00
-1.864752715011183781e+00
-1.864978302579433533e+00
-1.864955668515114073e+00
-1.865383697603096191e+00
-1.865923574231412196e+00
-1.865966620665361564e+00
-1.866046583304619144e+00
-1.866350465899111022e+00
-1.866398312250765690e+00
-1.866426934270845051e+00
-1.866813766476391745e+00
-1.866871997201308364e+00
-1.866925209446374190e+00
-1.866929560790102638e+00
-1.867056269773020638e+00
-1.867127663481695565e+00
-1.867302269818411853e+00
-1.867302731563161622e+00
-1.867301415489494909e+00
-1.867556730508077800e+00
-1.867759335325464232e+00
-1.867761074489276529e+00
-1.867787786229682556e+00
-1.867875158402105384e+00
-1.867910685888363620e+00
-1.867911330202253195e+00
-1.867929594257557113e+00
-1.867934545470141927e+00
-1.868015903857922044e+00
-1.868015831232271218e+00
-1.868110957567303609e+00
-1.868152007430329498e+00
-1.868170797381522252e+00
-1.868171744616446084e+00
-1.868211688473325749e+00
-1.868212083756684017e+00
-1.868213568245066014e+00
-1.868263733717448805e+00
-1.868258935831922374e+00
-1.868258862516070096e+00
-1.868260912108090643e+00
-1.868292874957149241e+00
-1.868467504998772455e+00
-1.868468374018254829e+00
-1.868470426914395688e+00
-1.868472174211813774e+00
-1.868486973940611140e+00
-1.868481945453434712e+00
-1.868539237255609775e+00
-1.868539239186736367e+00
-1.868559717161190292e+00
-1.868578075818353890e+00
-1.868582770836092033e+00
-1.868581655692530541e+00
-1.868663664742673092e+00
-1.868666186558658016e+00
-1.868753103299755747e+00
-1.868761893262735896e+00
-1.868775769981203316e+00
-1.868807840483486693e+00
-1.868829671804907111e+00
-1.868834384489400424e+00
-1.868844356103216864e+00
-1.868850217710392059e+00
-1.868900029316312050e+00
-1.868916865355236823e+00
-1.868919173294537162e+00
-1.868946208552475952e+00
-1.868946285096091842e+00
-1.868946259506195862e+00
-1.868950871394147839e+00
-1.869124586764796758e+00
-1.869424156780554513e+00
-1.869446523843930175e+00
-1.869545969382790052e+00
-1.869715081696899039e+00
-1.869973835094724368e+00
-1.870169439412752155e+00
-1.870975828862933676e+00
-1.873069266774035180e+00
-1.873801874139381818e+00
-1.874030068330591270e+00
-1.874834010480000979e+00
-1.875195305919197253e+00
-1.875342778099679641e+00
-1.875506125116047418e+00
-1.875564900507772581e+00
-1.875553346431296564e+00
-1.875211133215057835e+00
-1.875190561404447287e+00
-1.874995075182588788e+00
-1.874924068360312113e+00
-1.874975751203336705e+00
-1.875018159490141834e+00
-1.875015075255483499e+00
-1.874621523797528111e+00
-1.874912233520651395e+00
-1.874915269173429433e+00
-1.874917812365035630e+00
-1.874952512827398277e+00
-1.874956443604402612e+00
-1.874962426420901940e+00
-1.874963824591633132e+00
-1.874867507742922434e+00
-1.874877614902472622e+00
-1.874875112177433856e+00
-1.874775981113630641e+00
-1.874763878594047473e+00
-1.874179875565627817e+00
-1.873783367844583880e+00
-1.873865685637836620e+00
-1.873846135043168326e+00
-1.873813630235920513e+00
-1.873799296110777668e+00
-1.873799296108101364e+00
-1.873813618047481810e+00
-1.873846135310407668e+00
-1.873865671073456252e+00
-1.873783363307227168e+00
-1.874179871513507845e+00
-1.874763878746706691e+00
-1.874775963819423907e+00
-1.874875112097032837e+00
-1.874877620894546126e+00
-1.874867441973654181e+00
-1.874963806001820998e+00
-1.874962433728880606e+00
-1.874956450609247760e+00
-1.874952513047370983e+00
-1.874916824286221306e+00
-1.874922742659335118e+00
-1.875046782673950974e+00
-1.874620913065213834e+00
-1.875015091174146109e+00
-1.875018220361414745e+00
-1.874975816050941546e+00
-1.874924159839392646e+00
-1.874995068423908506e+00
-1.875190249247504326e+00
-1.875211125296427639e+00
-1.875553322780973531e+00
-1.875564788448221831e+00
-1.875502854778944961e+00
-1.875342778022559553e+00
-1.875195305872438434e+00
-1.874834010469785817e+00
-1.874030606390675757e+00
-1.873801874190793582e+00
-1.873069266796787424e+00
-1.870975828862804224e+00
-1.870169240107371067e+00
-1.869973835056089939e+00
-1.869715081417048008e+00
-1.869545969430326471e+00
-1.869446523839020990e+00
-1.869424156748593191e+00
-1.869124586823046386e+00
-1.868950871391258595e+00
-1.868946238190221987e+00
-1.868946285108297189e+00
-1.868946208552375365e+00
-1.868919173293834168e+00
-1.868916865371485159e+00
-1.868900029317340117e+00
-1.868850217713186268e+00
-1.868844356103060322e+00
-1.868834384487938038e+00
-1.868829671812387572e+00
-1.868807840470418258e+00
-1.868775770026495309e+00
-1.868761893263732876e+00
-1.868753103297505991e+00
-1.868666186455143485e+00
-1.868663664724813600e+00
-1.868581655692566290e+00
-1.868582770835778284e+00
-1.868578075818372319e+00
-1.868559717161065059e+00
-1.868539238225162880e+00
-1.868539237255552710e+00
-1.868481945453433601e+00
-1.868486973940559626e+00
-1.868472174211787129e+00
-1.868470426914362381e+00
-1.868468395906113022e+00
-1.868467505002188389e+00
-1.868292874956867911e+00
-1.868260912108277605e+00
-1.868258855462008761e+00
-1.868259135216123523e+00
-1.868263733719482733e+00
-1.868213567988549872e+00
-1.868212083758312492e+00
-1.868211688464114006e+00
-1.868171744602932227e+00
-1.868135079762806239e+00
-1.868152007418300675e+00
-1.868110957582789666e+00
-1.868015831231609525e+00
-1.868015903912965348e+00
-1.867934545462058171e+00
-1.867929594263360027e+00
-1.867911330202379094e+00
-1.867910685479906796e+00
-1.867875158579854755e+00
-1.867787786217895984e+00
-1.867761074478888172e+00
-1.867759335316640623e+00
-1.867556730486845007e+00
-1.867301415491552152e+00
-1.867302731620756662e+00
-1.867302269793444935e+00
-1.867127663505447455e+00
-1.867056269766470322e+00
-1.866929560790030251e+00
-1.866925209446918643e+00
-1.866871997202086852e+00
-1.866813766476608016e+00
-1.866426934269550086e+00
-1.866398312246001501e+00
-1.866350465905096234e+00
-1.866046583077608290e+00
-1.865966620665636011e+00
-1.865923574237118299e+00
-1.865383697529592322e+00
-1.864955668508759379e+00
-1.864978302578473190e+00
-1.864752715009256656e+00
-1.864270278202886821e+00
-1.864117570763379028e+00
-1.863937351713805590e+00
-1.863850256677355599e+00
-1.863504356153490527e+00
-1.862558486706133554e+00
-1.862530589869279662e+00
-1.862600588521435174e+00
-1.862517220424554143e+00
-1.861707207560889366e+00
-1.861670258455378812e+00
-1.861613668078888395e+00
-1.861598586521412857e+00
-1.861589707515741265e+00
-1.861226751940168622e+00
-1.861126679169070375e+00
-1.861029873702176651e+00
-1.861026339014710818e+00
-1.861014124448233442e+00
-1.860994445610598458e+00
-1.860983531268189051e+00
-1.860942423352506259e+00
-1.860748332897429247e+00
-1.860582423197028712e+00
-1.860572671582811699e+00
-1.860170963233348740e+00
-1.860092083201851487e+00
-1.859985144272584989e+00
-1.859990399197077648e+00
-1.860097086240104058e+00
-1.859863229436084842e+00
-1.859627226109796583e+00
-1.859387198678359443e+00
-1.859365642238062666e+00
-1.859266458281840562e+00
-1.859247913502334315e+00
-1.858563654880039939e+00
-1.858333298136992440e+00
-1.858201719466513024e+00
-1.857944137530311624e+00
-1.857963758645613472e+00
-1.857763758495323270e+00
-1.857225811504437551e+00
-1.858440112701222446e+00
-1.858393375626735455e+00
-1.859181172309097851e+00
-1.857566345400357033e+00
-1.857314166970163383e+00
-1.857792853936403699e+00
-1.857400714924235086e+00
-1.857566047413886867e+00
-1.857483944146272936e+00
-1.857851126033619682e+00
-1.857933465060623845e+00
-1.857928820625730282e+00
-1.858019745558454616e+00
-1.858104297720857057e+00
-1.859213044668862391e+00
-1.865298280955189680e+00
-1.857387589547979445e+00
-1.857901160494346504e+00
-1.857796381340423908e+00
-1.857203327874128895e+00
-1.857217432307700422e+00
-1.857307856129551737e+00
-1.860733335072501049e+00
-1.860790759288422969e+00
-1.861019566669978698e+00
-1.861477145353986673e+00
-1.860608500083121397e+00
-1.861273474440486186e+00
-1.860281352093671403e+00
-1.858552414980572776e+00
-1.858756730861973683e+00
-1.859595813613370563e+00
-1.859928105281333455e+00
-1.860126551906329695e+00
-1.859294447162314290e+00
-1.859420151884450867e+00
-1.858732376170610934e+00
-1.857937462937727879e+00
-1.857353495734620719e+00
-1.857111786934769304e+00
-1.857462249108113639e+00
-1.857731570568212476e+00
-1.857868605361563175e+00
-1.857816986225145239e+00
-1.857810126406579165e+00
-1.857802882896745222e+00
-1.858198758744932455e+00
-1.858242066388048563e+00
-1.858455562231547731e+00
-1.858476572426444040e+00
-1.858600281717309510e+00
-1.858602700819104392e+00
-1.858604062535365031e+00
-1.858626283341522134e+00
-1.858674436797681739e+00
-1.858674532791334544e+00
-1.858910123597861785e+00
-1.859023605406116442e+00
-1.859032849634056905e+00
-1.859025157471143830e+00
-1.859095670697074709e+00
-1.859182017807571308e+00
-1.859178591175464135e+00
-1.859241712740387076e+00
-1.859235169210667449e+00
-1.859230848015757331e+00
-1.859167705257418479e+00
-1.859287066011677814e+00
-1.859313275481012662e+00
-1.859658978981617139e+00
-1.859617948480644323e+00
-1.859619142923714108e+00
-1.859622887060357721e+00
-1.859632294909629557e+00
-1.859715687770606474e+00
-1.859674077554996474e+00
-1.859624858393812419e+00
-1.859888921054361210e+00
-1.859910067896978880e+00
-1.859918711475221365e+00
-1.859931212408481693e+00
-1.859952639809717034e+00
-1.860008175862055246e+00
-1.860066454809401248e+00
-1.860067886984620777e+00
-1.860093351347426260e+00
-1.860106497751085719e+00
-1.860191305499912851e+00
-1.860317917273395016e+00
-1.860326244045672706e+00
-1.859821240788481322e+00
-1.859854734152618594e+00
-1.860031096210307489e+00
-1.860041837625885153e+00
-1.860048574799772370e+00
-1.860087964441688779e+00
-1.860096252588439025e+00
-1.860122231885166455e+00
-1.860125015461782105e+00
