-1.422201208086976365e+00
-1.422347291907467115e+00
-1.422389746388698306e+00
-1.422407342815493303e+00
-1.424244944569701632e+00
-1.425410843257543636e+00
-1.425748369235880997e+00
-1.426480350317892443e+00
-1.426606135904528561e+00
-1.426466801766756998e+00
-1.452961751822436032e+00
-1.463480380926059476e+00
-1.464046735280405631e+00
-1.463825225424781440e+00
-1.463842999720489813e+00
-1.467274517358614583e+00
-1.467516522257613421e+00
-1.467707811524919359e+00
-1.467722493801156602e+00
-1.468095859918714163e+00
-1.467685292463442925e+00
-1.468020309434159287e+00
-1.464404461990105988e+00
-1.464370504518389904e+00
-1.464407283159304241e+00
-1.464840863888485556e+00
-1.465006643641745043e+00
-1.465238968329409808e+00
-1.465956679774103044e+00
-1.470181842592293897e+00
-1.470185477893094284e+00
-1.470474752298241983e+00
-1.471257375528090439e+00
-1.472203097112740000e+00
-1.472630413482120870e+00
-1.473600660763035197e+00
-1.473841771701222214e+00
-1.474818038976158707e+00
-1.474954091648448262e+00
-1.475577432160469105e+00
-1.480759555420097628e+00
-1.480809885354954503e+00
-1.481123161373897545e+00
-1.481165235241366229e+00
-1.481267210248923050e+00
-1.481503052975824186e+00
-1.481713085299405375e+00
-1.481935534439147606e+00
-1.482562469395664273e+00
-1.483847448497303212e+00
-1.494531210223139617e+00
-1.496307442125142995e+00
-1.576543964526006203e+00
-1.679195057736023067e+00
-1.679210686766269944e+00
-1.679302820153789177e+00
-1.680532584714701017e+00
-1.682454929689207956e+00
-1.691455550285555276e+00
-1.692127674963725958e+00
-1.692808550068666928e+00
-1.700270914259612853e+00
-1.700813716407440612e+00
-1.706230143916799502e+00
-1.707458558183054365e+00
-1.720267193101856273e+00
-1.720604908252854059e+00
-1.720733382060259054e+00
-1.721162968358974865e+00
-1.722117177743309746e+00
-1.740991158541817629e+00
-1.753389430108491798e+00
-1.753507237958523479e+00
-1.757729942063576356e+00
-1.757947069066194246e+00
-1.758199825010791750e+00
-1.775920332310046756e+00
-1.775950765472998683e+00
-1.776238298923647818e+00
-1.776239844400114176e+00
-1.776188952773668728e+00
-1.829356502619107649e+00
-1.830011131156557447e+00
-1.832170964591160134e+00
-1.840877312717563274e+00
-1.841513563338047499e+00
-1.841621766006072969e+00
-1.841937301184759956e+00
-1.842371482422033413e+00
-1.842941695114784340e+00
-1.842954319191437484e+00
-1.842984113343373309e+00
-1.842274904354961107e+00
-1.842283603449989204e+00
-1.842471784924997191e+00
-1.841326825636123932e+00
-1.841497782754291768e+00
-1.847697479898363415e+00
-1.848186315412318148e+00
-1.850797219678176120e+00
-1.850438195600883517e+00
-1.850128817672384685e+00
-1.849701682414574888e+00
-1.849793033647897378e+00
-1.850012796783168545e+00
-1.850038525910743914e+00
-1.850508589479878507e+00
-1.850088459075267089e+00
-1.850364519182767786e+00
-1.851276664874084377e+00
-1.850060821891280849e+00
-1.849896276248121252e+00
-1.850170593591741186e+00
-1.850220792471511055e+00
-1.850219755552930945e+00
-1.850471328834129014e+00
-1.850771370800535109e+00
-1.851409869332421909e+00
-1.851463394791033501e+00
-1.851962005936986344e+00
-1.852160487835172065e+00
-1.852344381996953615e+00
-1.852350120078691598e+00
-1.852420679066034914e+00
-1.852398492825773069e+00
-1.852412589733427817e+00
-1.852518487623168841e+00
-1.852670129611078131e+00
-1.852882740144041751e+00
-1.852912121889607189e+00
-1.852950898430380855e+00
-1.852712570811989590e+00
-1.852517684767528650e+00
-1.853195760252956958e+00
-1.853088142298683572e+00
-1.853128931210719310e+00
-1.853274089111558887e+00
-1.855266685257961345e+00
-1.855533357630825275e+00
-1.855554684772717344e+00
-1.856006845110175441e+00
-1.856050340841546520e+00
-1.856653051000940913e+00
-1.856735651513213403e+00
-1.856711827217957023e+00
-1.857163019053558850e+00
-1.857751501856601095e+00
-1.857877805061130427e+00
-1.857965230507465426e+00
-1.858296073483291400e+00
-1.858300071431414402e+00
-1.858379901029994841e+00
-1.858763776980832283e+00
-1.858823424401715219e+00
-1.858852070768769682e+00
-1.858868190818907973e+00
-1.858983024105914206e+00
-1.859320856986473425e+00
-1.859579817432334137e+00
-1.859587006670978759e+00
-1.859598536037893490e+00
-1.859943145420241528e+00
-1.860096563077888732e+00
-1.860121029115846758e+00
-1.860243775978559277e+00
-1.860416456152557796e+00
-1.860462987231337184e+00
-1.860490089859428986e+00
-1.860497182274206240e+00
-1.860501768102060582e+00
-1.860587068239810682e+00
-1.860590226817556259e+00
-1.860690488775783136e+00
-1.860692345599535891e+00
-1.860673682623468661e+00
-1.860707856563565299e+00
-1.860766801736588150e+00
-1.860773610211173823e+00
-1.860792187972220679e+00
-1.860854231453165308e+00
-1.861006822860649779e+00
-1.861005178763414314e+00
-1.861017953965133032e+00
-1.861026626170843024e+00
-1.861235328543447753e+00
-1.861238014174073419e+00
-1.861239135921130661e+00
-1.861238612341250320e+00
-1.861308626032513347e+00
-1.861309447336889189e+00
-1.861347099699513841e+00
-1.861347183661410609e+00
-1.861367134322462036e+00
-1.861372097048676899e+00
-1.861358996681625744e+00
-1.861366463874198907e+00
-1.861472683179699938e+00
-1.861475851063255638e+00
-1.861586402629976433e+00
-1.861593494626864187e+00
-1.861607976129884490e+00
-1.861665550958946813e+00
-1.861715638572495557e+00
-1.861723320402679738e+00
-1.861754575425690561e+00
-1.861726935565947594e+00
-1.861842435424287290e+00
-1.861873570385301324e+00
-1.861875444093589849e+00
-1.861885243536883561e+00
-1.861889045278825705e+00
-1.861888976910036408e+00
-1.861891835627830005e+00
-1.862177828671150781e+00
-1.862685560256604145e+00
-1.862706296943303474e+00
-1.862824821736512648e+00
-1.863105250905679355e+00
-1.863459317395479431e+00
-1.863576222766551993e+00
-1.864600139162718939e+00
-1.866891588076008413e+00
-1.867489429132526801e+00
-1.867822989125138777e+00
-1.868803603304451944e+00
-1.869104241519265797e+00
-1.869368489048506721e+00
-1.869709266921871782e+00
-1.869712563786872339e+00
-1.869726631544039952e+00
-1.869752788518340259e+00
-1.869333608188578744e+00
-1.869326605061756741e+00
-1.869273848063917054e+00
-1.869265897324742021e+00
-1.869264656630622135e+00
-1.869269161726324624e+00
-1.869292794515558853e+00
-1.869433706846153509e+00
-1.869253812870345310e+00
-1.869254615077533099e+00
-1.869273878234977371e+00
-1.869291281938620042e+00
-1.869356800565485699e+00
-1.869297895231958773e+00
-1.869443582292649619e+00
-1.869446798321581227e+00
-1.869445873988969442e+00
-1.869446118921025857e+00
-1.869475910554382114e+00
-1.869389533127095770e+00
-1.869253666650923407e+00
-1.869257295922416962e+00
-1.869262430748007464e+00
-1.869267765355882016e+00
-1.869341851014985068e+00
-1.869341851012912725e+00
-1.869267765355149491e+00
-1.869262430751853721e+00
-1.869257295922598150e+00
-1.869253669609777457e+00
-1.869389532705415968e+00
-1.869475909406152603e+00
-1.869445902915765512e+00
-1.869445871032471285e+00
-1.869446798641728247e+00
-1.869443582198357712e+00
-1.869297895231978535e+00
-1.869295618388020497e+00
-1.869291281939428728e+00
-1.869273878234957831e+00
-1.869254640555943592e+00
-1.869253812870379949e+00
-1.869213639236937397e+00
-1.868876516363313645e+00
-1.869269161409400137e+00
-1.869264658363363640e+00
-1.869195452941334601e+00
-1.869230316619200805e+00
-1.869326605061336188e+00
-1.869333587898941440e+00
-1.869752787189689958e+00
-1.869726631523183080e+00
-1.869712563786970705e+00
-1.869709266916658397e+00
-1.869368489037294356e+00
-1.869104241520219034e+00
-1.868803603566943750e+00
-1.867822226642070094e+00
-1.867489429142871415e+00
-1.866891588073646524e+00
-1.864600139162079673e+00
-1.863576169001972094e+00
-1.863459317395427917e+00
-1.863105250809655500e+00
-1.862824821758188865e+00
-1.862706296943033468e+00
-1.862685560155317610e+00
-1.862177828676000679e+00
-1.861891835627032421e+00
-1.861888976604672452e+00
-1.861889045019802014e+00
-1.861885243536422596e+00
-1.861875444092339071e+00
-1.861873570385835341e+00
-1.861842435423630704e+00
-1.861726934844251335e+00
-1.861754575453622440e+00
-1.861723320400485271e+00
-1.861715638638475001e+00
-1.861665550762380938e+00
-1.861607976279182175e+00
-1.861593494600910059e+00
-1.861586402619826108e+00
-1.861475851001143766e+00
-1.861472683178965637e+00
-1.861366463872238253e+00
-1.861359008665097514e+00
-1.861372097012930826e+00
-1.861367134344623198e+00
-1.861347183619325829e+00
-1.861347099715434217e+00
-1.861309447324732913e+00
-1.861308626219337459e+00
-1.861238676822839722e+00
-1.861239135893778762e+00
-1.861238027938185935e+00
-1.861235328551837043e+00
-1.861026626165998454e+00
-1.861017953965113048e+00
-1.861004998569207869e+00
-1.861006822856176912e+00
-1.860854231456337882e+00
-1.860792187973288270e+00
-1.860773610211761131e+00
-1.860766801744303089e+00
-1.860707856561738538e+00
-1.860674541283170225e+00
-1.860692345719829888e+00
-1.860690488777974050e+00
-1.860590226815036274e+00
-1.860587068248628295e+00
-1.860501768102168718e+00
-1.860497182272343730e+00
-1.860490089860729057e+00
-1.860462987228261422e+00
-1.860416456155237874e+00
-1.860243775978573044e+00
-1.860121029095421763e+00
-1.860096563085659849e+00
-1.859943145376035778e+00
-1.859598536037964100e+00
-1.859587006665554432e+00
-1.859579817442963412e+00
-1.859320856984348014e+00
-1.858983024107340398e+00
-1.858868190818831145e+00
-1.858852070778348686e+00
-1.858823424401407687e+00
-1.858763776980430826e+00
-1.858379901035345672e+00
-1.858300071432587686e+00
-1.858296073482744282e+00
-1.857965230499238452e+00
-1.857877805059686693e+00
-1.857751501862531018e+00
-1.857163019055865227e+00
-1.856711827217309985e+00
-1.856735651493207406e+00
-1.856653051203301263e+00
-1.856050340807710253e+00
-1.856006845105852232e+00
-1.855554684773145668e+00
-1.855533357631027780e+00
-1.855266685257462189e+00
-1.853274089064995245e+00
-1.853128931211468711e+00
-1.853088071778112189e+00
-1.853195766712731007e+00
-1.852517685789993873e+00
-1.852690098931317531e+00
-1.852950890215891544e+00
-1.852912121218067254e+00
-1.852882730482927842e+00
-1.852670129586240000e+00
-1.851290775460485705e+00
-1.852412648626355907e+00
-1.852398396696758764e+00
-1.852420612808730827e+00
-1.852350080719314063e+00
-1.852344378122779522e+00
-1.852160487959528590e+00
-1.851961909645427617e+00
-1.851463394669158991e+00
-1.851409865792469578e+00
-1.851606894645108525e+00
-1.851586059010880136e+00
-1.851633281874741854e+00
-1.851622117324434491e+00
-1.851767493837400025e+00
-1.851861635342250345e+00
-1.852153131558055499e+00
-1.851276668697637628e+00
-1.852009893205693425e+00
-1.852225069636022070e+00
-1.852582837599590082e+00
-1.852742146948664903e+00
-1.853076913026430184e+00
-1.853887925513862500e+00
-1.853900454242530582e+00
-1.854463837708825391e+00
-1.854878621764067592e+00
-1.855460882290477453e+00
-1.856086330202834311e+00
-1.853062940269108783e+00
-1.851390724179197811e+00
-1.851934983902689069e+00
-1.853099164907155760e+00
-1.853673505698270718e+00
-1.852943215669535348e+00
-1.853375543590296104e+00
-1.853510405842051512e+00
-1.853607549284276956e+00
-1.853603861346305504e+00
-1.853625228681969883e+00
-1.853722259575869558e+00
-1.853825411784682631e+00
-1.856082176218811775e+00
-1.861006948545762985e+00
-1.852521392484375307e+00
-1.852568344850607840e+00
-1.852967763394429923e+00
-1.852809582608815120e+00
-1.852819366742284313e+00
-1.852847033732655024e+00
-1.855897867677832380e+00
-1.855991981946121694e+00
-1.857392350532366176e+00
-1.858477379330098378e+00
-1.859735718074846389e+00
-1.860514779276352559e+00
-1.858566406026771922e+00
-1.858370237463111918e+00
-1.858420662438553084e+00
-1.858913301004413432e+00
-1.858104532156361621e+00
-1.858229824317825019e+00
-1.856845701971765683e+00
-1.857126389846828207e+00
-1.859912654090908113e+00
-1.852388840459211261e+00
-1.852714349743917577e+00
-1.853642444808965006e+00
-1.853805146446148466e+00
-1.852825053274397948e+00
-1.853152139543789545e+00
-1.853044328017561027e+00
-1.853047941640078022e+00
-1.856329948870537150e+00
-1.852007883681686007e+00
-1.851343522955118059e+00
-1.852208013938897668e+00
-1.852279555803847177e+00
-1.853128762715152700e+00
-1.852052774964760395e+00
-1.852044013275190526e+00
-1.852047630068447415e+00
-1.852284379285632498e+00
-1.852283747255834889e+00
-1.852800750817565234e+00
-1.852741824165969220e+00
-1.852778159356570420e+00
-1.853058597124309426e+00
-1.853304873324066460e+00
-1.853290733976259652e+00
-1.853192932783029434e+00
-1.853218203653814733e+00
-1.853224937748997991e+00
-1.853315353210134298e+00
-1.853394356055658498e+00
-1.853579547803333449e+00
-1.853547368133310780e+00
-1.853776605942142108e+00
-1.853756423220946248e+00
-1.853766095534630898e+00
-1.853770768329262131e+00
-1.853817119361563126e+00
-1.853879463690468299e+00
-1.853860474389915414e+00
-1.853883076291968024e+00
-1.854463937604773349e+00
-1.854545991926350723e+00
-1.854542097603395945e+00
-1.854577606267884482e+00
-1.854591682502290784e+00
-1.854627637816354646e+00
-1.854749964595597600e+00
-1.855053199570154465e+00
-1.854752005604693554e+00
-1.854788400718678121e+00
-1.854925624442209653e+00
-1.854954465286636545e+00
-1.854953723808179911e+00
-1.854955117085401284e+00
-1.854963354853107926e+00
-1.855033312352356356e+00
-1.855066119313691697e+00
-1.855061292913141369e+00
-1.855072313274643392e+00
-1.855100958144991541e+00
-1.855270362396393757e+00
-1.855245414395275017e+00
-1.854508093554200654e+00
-1.854504543621548152e+00
-1.854342238353292149e+00
-1.854321697130379754e+00
-1.854315002009377711e+00
-1.854337310608032752e+00
-1.854335686131816763e+00
-1.854308930379192422e+00
-1.854306171768562495e+00
-1.854303218066059689e+00
-1.854330495554809222e+00
-1.854113779577419852e+00
-1.853981488815094281e+00
-1.853982730508131560e+00
-1.853969929486502854e+00
-1.853969781383911331e+00
-1.853859405368567081e+00
-1.853887359022399650e+00
-1.853853737886859587e+00
-1.853734928018870409e+00
-1.853650856623109577e+00
-1.853638226322316562e+00
-1.853181595643674129e+00
-1.853170034476331995e+00
-1.853167177537466070e+00
-1.853111120069564022e+00
-1.853085983875459197e+00
-1.853079914230148617e+00
-1.853063835234017187e+00
-1.853104111000234200e+00
-1.852148285611161294e+00
-1.852154644169526687e+00
-1.852093645312775649e+00
-1.852039371623453556e+00
-1.851786388502681735e+00
-1.851914334398852446e+00
-1.851413499439241495e+00
-1.851565998773190724e+00
-1.851787684513170440e+00
-1.852373074502204897e+00
-1.852433647028497221e+00
-1.852387806692042060e+00
-1.852639287512427124e+00
-1.851949671274764952e+00
-1.852203095540184030e+00
-1.852202806871678264e+00
-1.852205860779754687e+00
-1.852232955041076101e+00
-1.852456851755425848e+00
-1.852653028544705816e+00
-1.852720253882856216e+00
-1.852651644033403544e+00
-1.852966378132514080e+00
-1.853955817921737914e+00
-1.853245336577133084e+00
-1.853240817349724345e+00
-1.853399570006993180e+00
-1.853201246068066022e+00
-1.854006831590366833e+00
-1.854325030341110736e+00
-1.853405988505434365e+00
-1.853302042219048928e+00
-1.860631528498358778e+00
-1.860236831625278198e+00
-1.859721486418428604e+00
-1.860542984879180572e+00
-1.860561922542619318e+00
-1.861207860432502414e+00
-1.861092573237633774e+00
-1.861340492821557335e+00
-1.861256094577083076e+00
-1.862740864879372626e+00
-1.861618790207630880e+00
-1.861393863881912747e+00
-1.860318059894288556e+00
-1.859490366018846652e+00
-1.861339576253419725e+00
-1.858265140839307161e+00
-1.858269564002152041e+00
-1.858268815558988596e+00
-1.858534634331981739e+00
-1.858373734358910845e+00
-1.858856495092670480e+00
-1.865511750490056020e+00
-1.856430484578320605e+00
-1.858135144777201431e+00
-1.856471145613384444e+00
-1.856437913042386256e+00
-1.856675407548396883e+00
-1.856788725509104232e+00
-1.856804899969062728e+00
-1.856820422345566879e+00
-1.856260623849364411e+00
-1.856845399115973461e+00
-1.856934086222309599e+00
-1.855866474653596665e+00
-1.853345415182688027e+00
-1.857400589976761385e+00
-1.859864624518352993e+00
-1.859096774339935365e+00
-1.858946178594596876e+00
-1.859236859423039068e+00
-1.859121735265627295e+00
-1.859262135252947257e+00
-1.859383681602809313e+00
-1.859497442971812742e+00
-1.859631592186023363e+00
-1.859871985378623638e+00
-1.859779393134272762e+00
-1.859006811587004426e+00
-1.860422658975850130e+00
-1.860321967299154222e+00
-1.860385876043017861e+00
-1.860463386538972141e+00
-1.860461660381857785e+00
-1.860451636987510371e+00
-1.860470714511953672e+00
-1.860440203627362399e+00
-1.860473905910768666e+00
-1.860708820609861869e+00
-1.860775617590224806e+00
-1.860927804929390028e+00
-1.860946360327539129e+00
-1.860974685126584038e+00
-1.861036495332969221e+00
-1.861038471907580316e+00
-1.861211525025439073e+00
-1.861294292539888762e+00
-1.861559812541748737e+00
-1.861564927887127130e+00
-1.861600498931107683e+00
-1.861691127226455578e+00
-1.861860772724264423e+00
-1.862964618149123064e+00
-1.862995626924560444e+00
-1.862681848943552154e+00
-1.862730839623879309e+00
-1.863303505996737108e+00
-1.863581485543226224e+00
-1.863661627632281714e+00
-1.863854557287302871e+00
-1.864092458475694380e+00
-1.864269819954508467e+00
-1.864586539606577942e+00
-1.864553541311773310e+00
-1.865142775714321521e+00
-1.865690003164871547e+00
-1.865702733439929428e+00
-1.865812372936040076e+00
-1.866003076953714368e+00
-1.866012406250272537e+00
-1.866028191990689589e+00
-1.866609890797441107e+00
-1.866668113527235828e+00
-1.866675697175819604e+00
-1.866684580209290623e+00
-1.866837916591698177e+00
-1.866912955350985115e+00
-1.867067058767300169e+00
-1.867066597455049104e+00
-1.867062395065674618e+00
-1.867565438973787906e+00
-1.867725389099439859e+00
-1.867668837156862827e+00
-1.867755868620926574e+00
-1.867798157724356090e+00
-1.867766781077721205e+00
-1.867775465531990919e+00
-1.867798706116209573e+00
-1.867756184083150917e+00
-1.867913615494916524e+00
-1.867934890277310300e+00
-1.867863631682335157e+00
-1.867691173345438216e+00
-1.867414696508571392e+00
-1.867407900303066803e+00
-1.867559402475088337e+00
-1.867461836793087526e+00
-1.867510522648816007e+00
-1.867325097529571210e+00
-1.867325191592312805e+00
-1.867345326697413599e+00
-1.867392831129023101e+00
-1.867384364756938364e+00
-1.867534141957332805e+00
-1.867443548359688288e+00
-1.867448654743790737e+00
-1.867339329213506316e+00
-1.867340211948865569e+00
-1.867341183964886575e+00
-1.867383255833563460e+00
-1.867383448506102939e+00
-1.867418529223975998e+00
-1.867537402265524449e+00
-1.867551557499666615e+00
-1.867549050370661323e+00
-1.867576634396620916e+00
-1.867577321535206503e+00
-1.867691944280765348e+00
-1.867729238570583483e+00
-1.867768961595167809e+00
-1.867817160490601758e+00
-1.867854606856166111e+00
-1.867856542748695059e+00
-1.867864665853023354e+00
-1.867874728220265901e+00
-1.868060579196019644e+00
-1.868074197844265649e+00
-1.868082632701812074e+00
-1.868111458873880526e+00
-1.868140752295467388e+00
-1.868140940784192239e+00
-1.868141477588304067e+00
-1.868468192294728603e+00
-1.868867797065213665e+00
-1.868923576149525534e+00
-1.868952583189849914e+00
-1.869141081042044128e+00
-1.869332431318179166e+00
-1.869468380117817574e+00
-1.870087439048667477e+00
-1.871848468105886010e+00
-1.872505364773751957e+00
-1.872710236441580633e+00
-1.873032711464991174e+00
-1.873787746116486019e+00
-1.873881641118810837e+00
-1.874091807071571081e+00
-1.874127230952969292e+00
-1.874234359644332049e+00
-1.874248994487540898e+00
-1.874330460297020995e+00
-1.874350094921538146e+00
-1.874397307459073403e+00
-1.874415314616012740e+00
-1.874415340277649111e+00
-1.874420353895704494e+00
-1.874470833170377659e+00
-1.874470692789741211e+00
-1.874476962687399828e+00
-1.874478769528801658e+00
-1.874497730791388150e+00
-1.874507631223338189e+00
-1.874533393695817729e+00
-1.874538386856453798e+00
-1.874619509151893793e+00
-1.874621471864377664e+00
-1.874619618463148951e+00
-1.874639213342294664e+00
-1.874586657401600576e+00
-1.874590008436363586e+00
-1.874605169469587995e+00
-1.874619415491941554e+00
-1.874619498519056293e+00
-1.874619920151195496e+00
-1.874685757967172517e+00
-1.874685757967809341e+00
-1.874619920153270058e+00
-1.874619498519588312e+00
-1.874619415499052755e+00
-1.874605169468866128e+00
-1.874590008435996769e+00
-1.874586657427997682e+00
-1.874639213334067023e+00
-1.874619619811718874e+00
-1.874621471821825480e+00
-1.874619509167859910e+00
-1.874538386855488348e+00
-1.874511317479511163e+00
-1.874505940228953005e+00
-1.874497730783795335e+00
-1.874478787647953393e+00
-1.874476944967434555e+00
-1.874470724135607114e+00
-1.874470833163197181e+00
-1.874413444966882114e+00
-1.874415329107795403e+00
-1.874415314617839057e+00
-1.874397307456438178e+00
-1.874350094921868770e+00
-1.874330460294825196e+00
-1.874248994520392397e+00
-1.874234359640046588e+00
-1.874127230951841305e+00
-1.874091807067960413e+00
-1.873881641111185825e+00
-1.873787746071346572e+00
-1.873032711464957867e+00
-1.872710236451545329e+00
-1.872505364773914938e+00
-1.871848468113081587e+00
-1.870087439054302747e+00
-1.869468365710447610e+00
-1.869332431318386778e+00
-1.869141081174709118e+00
-1.868952583188630667e+00
-1.868923576149783106e+00
-1.868867796509520618e+00
-1.868468192295255736e+00
-1.868141477588290300e+00
-1.868140939587633387e+00
-1.868140752422872808e+00
-1.868111458875185260e+00
-1.868082632701543400e+00
-1.868074197842204409e+00
-1.868060579195222726e+00
-1.867874728211003310e+00
-1.867864665844528371e+00
-1.867856542745255588e+00
-1.867854606855456900e+00
-1.867817160486340722e+00
-1.867768961596322219e+00
-1.867729238572189310e+00
-1.867691944266784532e+00
-1.867577321672964530e+00
-1.867576634584398487e+00
-1.867549050370989505e+00
-1.867551557501333059e+00
-1.867537402263022450e+00
-1.867418529223977774e+00
-1.867383437758777243e+00
-1.867383255834722089e+00
-1.867341183964728479e+00
-1.867340211941873829e+00
-1.867339324409921897e+00
-1.867448608084287809e+00
-1.867443548070335524e+00
-1.867534142211153991e+00
-1.867384364664893326e+00
-1.867259428589064907e+00
-1.867345392025957063e+00
-1.867325104523724022e+00
-1.867325097834305447e+00
-1.867510521972104875e+00
-1.867461836676281406e+00
-1.867559401745923608e+00
-1.867407900292412659e+00
-1.867414778319781643e+00
-1.867691166277716253e+00
-1.867863631758541310e+00
-1.867934889620022965e+00
-1.867913612134465939e+00
-1.867756184845807743e+00
-1.867798705512126123e+00
-1.867775465623046305e+00
-1.867766781461773107e+00
-1.867798157707221796e+00
-1.867721236098174087e+00
-1.867668641841567556e+00
-1.867725389101061229e+00
-1.867565438948852297e+00
-1.866966232232118550e+00
-1.867018499301440926e+00
-1.867067058671339819e+00
-1.866912955070954228e+00
-1.866837916581273848e+00
-1.866684580264392324e+00
-1.866675697202277107e+00
-1.866668113525663308e+00
-1.866609890793198723e+00
-1.866028191973480688e+00
-1.866012406250948663e+00
-1.866003076953099304e+00
-1.865812372933642216e+00
-1.865702733440052885e+00
-1.865690003164294897e+00
-1.865142775714264456e+00
-1.864553396236154459e+00
-1.864586539529076159e+00
-1.864269815667586538e+00
-1.864092458473098235e+00
-1.863854557281209967e+00
-1.863661627632256623e+00
-1.863581485539408167e+00
-1.863303507373366141e+00
-1.862730833573025269e+00
-1.862681848860788358e+00
-1.862995627746237393e+00
-1.862964617895020325e+00
-1.861860772686903642e+00
-1.861691127284396563e+00
-1.861600499104520523e+00
-1.861564927861326879e+00
-1.861559809773604801e+00
-1.861206706580679660e+00
-1.861211525041135628e+00
-1.861036581893720676e+00
-1.861036495357594411e+00
-1.860974685126915773e+00
-1.860946360312312198e+00
-1.860927804973685262e+00
-1.860775617597593801e+00
-1.860708821076558106e+00
-1.860473905910681403e+00
-1.860440202558503398e+00
-1.859997709901251683e+00
-1.859653396863820696e+00
-1.859569970318384557e+00
-1.859551378552706469e+00
-1.859660512828933632e+00
-1.859560812916155825e+00
-1.858870737751946223e+00
-1.859006810496863338e+00
-1.858986772120302833e+00
-1.859034893583957571e+00
-1.858884430976528446e+00
-1.857710245224384771e+00
-1.857963144814602785e+00
-1.857735663229816536e+00
-1.857504209791363881e+00
-1.857465286947336258e+00
-1.856962156678755305e+00
-1.856723320345118999e+00
-1.857227822230225645e+00
-1.856659046421478720e+00
-1.857247146762099010e+00
-1.857309330791700130e+00
-1.857899594698975809e+00
-1.857045224388724769e+00
-1.857094044986921766e+00
-1.857086477227485766e+00
-1.857104243500832919e+00
-1.857094141053433844e+00
-1.857040777064262072e+00
-1.857132433001881244e+00
-1.857400499630119883e+00
-1.858507396827113300e+00
-1.858442806399711600e+00
-1.865743959767877991e+00
-1.858583421762059817e+00
-1.858550701356735502e+00
-1.858646476939841197e+00
-1.858455959509614175e+00
-1.858458669993980461e+00
-1.858459175419628018e+00
-1.860799686711052114e+00
-1.859783615489550179e+00
-1.858841002336311554e+00
-1.857174649118609189e+00
-1.857713491990159671e+00
-1.857265390647530490e+00
-1.856602964294460367e+00
-1.856167871650090895e+00
-1.856142810011485178e+00
-1.856335073785496004e+00
-1.856604627337308244e+00
-1.856007320973763086e+00
-1.856176516281539346e+00
-1.856061825036249502e+00
-1.856717270280765941e+00
-1.856430752789869132e+00
-1.856043581309892776e+00
-1.855983920005211507e+00
-1.856355854743032996e+00
-1.856284402788397347e+00
-1.856692935364971930e+00
-1.856467184806787962e+00
-1.856391450983835512e+00
-1.856281985673527091e+00
-1.856224383256421806e+00
-1.856170733643924819e+00
-1.856383848380272372e+00
-1.856336502346539907e+00
-1.856389810926826200e+00
-1.856269023360935577e+00
-1.856256978764502907e+00
-1.856263182441842297e+00
-1.856509669749723201e+00
-1.856141743503907149e+00
-1.856447266120128337e+00
-1.856354563929281554e+00
-1.856364314260866122e+00
-1.856560811315044468e+00
-1.856483172552655603e+00
-1.856454046478615227e+00
-1.856478996246067048e+00
-1.856555816962070615e+00
-1.856550672742810493e+00
-1.856551636016689599e+00
-1.856597017495752677e+00
-1.856760287940832033e+00
-1.856804269408977248e+00
-1.857680284747975863e+00
-1.857683247027779760e+00
-1.857738311662949560e+00
-1.857743545213799363e+00
-1.857742820960502694e+00
-1.857770970773472641e+00
-1.857720967602360718e+00
-1.857731928470006011e+00
-1.857409277745299292e+00
-1.857529939579738443e+00
-1.857459018511568249e+00
-1.857427198528625256e+00
-1.857542136364184859e+00
-1.857577190714557736e+00
-1.857626255335835808e+00
-1.857629378819068977e+00
-1.857649984620084238e+00
-1.857653498921204349e+00
-1.857810453515913007e+00
-1.857849887705878444e+00
-1.857848243626794460e+00
-1.857855130829859869e+00
-1.857864723239347038e+00
-1.858028554524541409e+00
-1.858050845084197267e+00
-1.858050857289448965e+00
-1.858085575395772793e+00
-1.858128003589580191e+00
-1.858150904577813733e+00
-1.858153853444919346e+00
