-1.489950072342083542e+00
-1.524055452889901741e+00
-1.627836491060440371e+00
-1.639616961619298596e+00
-1.684384706684741939e+00
-1.687120241342878746e+00
-1.716146602731313253e+00
-1.720098122333805213e+00
-1.737923912403056548e+00
-1.739884449737974847e+00
-1.750596389096540806e+00
-1.751235400177056256e+00
-1.753045519291893672e+00
-1.753248942112539899e+00
-1.753248942112530351e+00
-1.753045519291902998e+00
-1.751235400177057588e+00
-1.750596389096540140e+00
-1.739884449737974181e+00
-1.737923912403056104e+00
-1.738224510449933868e+00
-1.740808984787591829e+00
-1.741095526331695398e+00
-1.745811167803431818e+00
-1.746360909010375551e+00
-1.749302884630751453e+00
-1.749778158328963773e+00
-1.750637653404076621e+00
-1.750466426949627952e+00
-1.743982082037741854e+00
-1.743554360254299329e+00
-1.743727624818873778e+00
-1.746419266708243434e+00
-1.744894877173746472e+00
-1.745331209798121286e+00
-1.744931002940634190e+00
-1.744535619505886093e+00
-1.746988732330144956e+00
-1.757264496310814827e+00
-1.758030510082513764e+00
-1.761203388299275474e+00
-1.761415106359470073e+00
-1.761415106359469851e+00
-1.761203388299272810e+00
-1.758030510082511766e+00
-1.757264496310816160e+00
-1.746988732330139626e+00
-1.744535619505883206e+00
-1.744949422784009663e+00
-1.745370063722561982e+00
-1.745014067676834424e+00
-1.746564327379084958e+00
-1.744542533550902608e+00
-1.744353442902132123e+00
-1.744791716088422318e+00
-1.750586322655991456e+00
